Date of Test;Material;Sample Geometry;Orientation [°];Test Number;Nominal Speed [mm/min];Thickness [mm];Central Width [mm];Gauge Width / Diameter [mm];Pixel to mm ratio [mm/px];Extensometer 1-4 [mm];Extensometer 2-3 [mm];Extensometer 5-6 [mm];;;;;
09/07/21;DP600Large;UT;00;2;0.48;0.2885;2;0;0;6;1.8;1.8;;;;;
;;;;;;;;;;;;;;;;;
Time [s];U1 [mm];U2 [mm];U3 [mm];Force [kN];Ambient Temperature [°C];DIC Zone X 1 [px];DIC Zone Y 1 [px];DIC Zone X 2 [px];DIC Zone Y 2 [px];DIC Zone X 3 [px];DIC Zone Y 3 [px];DIC Zone X 4 [px];DIC Zone Y 4 [px];DIC Zone X 5 [px];DIC Zone Y 5 [px];DIC Zone X 6 [px];DIC Zone Y 6 [px];exx;exy;eyy;e1;e2
0;0;0;0;0.00049;0;0;0;0;0;0;0;0;0;0;0;0;0;-4.6453e-17;-1.8218e-17;-1.8186e-19;-1.4392e-17;-5.0279e-17
0.501;0.00014481;3.325e-05;9.5513e-05;0.00049;0;0;0;0;0;0;0;0;0;0;0;0;0;1.2347e-05;5.92e-05;-2.0357e-06;0.00013595;-6.4402e-05
1.001;0.00078136;0.00035036;9.0203e-05;0.0004998;0;0;0;0;0;0;0;0;0;0;0;0;0;0.00012862;5.9271e-05;-3.7024e-05;0.00021544;-2.7545e-05
1.5;-0.00010334;-1.6294e-05;-2.2784e-05;0.0004998;0;0;0;0;0;0;0;0;0;0;0;0;0;-3.8112e-05;-1.1544e-05;2.3882e-05;7.8921e-05;-0.00012858
2.001;9.5792e-05;9.1131e-06;5.7135e-05;0.0004998;0;0;0;0;0;0;0;0;0;0;0;0;0;-4.8091e-06;1.1635e-05;5.6171e-06;0.00010406;-9.723e-05
2.501;3.55e-05;4.0558e-05;1.2602e-05;0.0005096;0;0;0;0;0;0;0;0;0;0;0;0;0;-6.167e-07;1.1101e-05;9.3695e-06;0.00010246;-9.1972e-05
3;0.00020794;-2.472e-05;-1.0138e-05;0.0005096;0;0;0;0;0;0;0;0;0;0;0;0;0;1.4064e-05;-8.0132e-06;8.6921e-06;0.00010107;-9.5019e-05
3.5;0.00022707;-6.4148e-06;2.2337e-05;0.0006272;0;0;0;0;0;0;0;0;0;0;0;0;0;3.4427e-05;-2.4555e-05;4.7728e-06;0.0001492;-0.00013933
4.001;0.00034662;8.2277e-05;-1.0682e-05;0.0010192;0;0;0;0;0;0;0;0;0;0;0;0;0;4.3999e-05;-1.4803e-05;1.9094e-06;0.00014065;-0.00011146
4.501;0.00059784;0.00014282;-0.00010264;0.001911;0;0;0;0;0;0;0;0;0;0;0;0;0;0.00010107;-4.6932e-05;-3.7679e-05;0.0001873;-0.00013317
5;0.0006397;0.00014545;-0.00018125;0.003577;0;0;0;0;0;0;0;0;0;0;0;0;0;0.00011487;-6.2917e-05;-1.4243e-05;0.00017293;-0.00012098
5.5;0.0011381;0.00038854;-7.0598e-05;0.0058114;0;0;0;0;0;0;0;0;0;0;0;0;0;0.00019136;-3.8725e-05;-7.3379e-06;0.00025907;-0.00010643
6.001;0.0013716;0.00044687;-6.7075e-05;0.0091238;0;0;0;0;0;0;0;0;0;0;0;0;0;0.00023911;-6.9713e-05;-9.4525e-06;0.00030051;-0.00013112
6.501;0.0015217;0.00038239;-0.00016211;0.013544;0;0;0;0;0;0;0;0;0;0;0;0;0;0.00025989;-0.00010146;-5.4341e-07;0.00031007;-0.00015164
7;0.0021168;0.00054925;-0.0002197;0.0186;0;0;0;0;0;0;0;0;0;0;0;0;0;0.00036217;-0.00012554;-1.7157e-05;0.00040969;-0.00017306
7.501;0.002424;0.00065663;-0.00010822;0.024431;0;0;0;0;0;0;0;0;0;0;0;0;0;0.00041786;-0.00011179;-2.4161e-05;0.00047723;-0.00017116
8;0.0027525;0.00083439;-0.0001194;0.031419;0;0;0;0;0;0;0;0;0;0;0;0;0;0.00047413;-0.00014563;-3.3842e-05;0.00053373;-0.00020522
8.5;0.0029272;0.00080049;-4.905e-05;0.038122;0;0;0;0;0;0;0;0;0;0;0;0;0;0.00052894;-0.0001405;-2.8349e-05;0.00059999;-0.00021155
9.001;0.0034107;0.00092098;-0.00023407;0.045599;0;0;0;0;0;0;0;0;0;0;0;0;0;0.00057974;-0.00016119;-2.2964e-05;0.00065149;-0.00023294
9.5;0.0039273;0.0011084;-0.00027423;0.053488;0;0;0;0;0;0;0;0;0;0;0;0;0;0.00066381;-0.00020902;-3.3414e-05;0.00073262;-0.00027782
10;0.0043673;0.001263;-0.00031048;0.060515;0;0;0;0;0;0;0;0;0;0;0;0;0;0.00076122;-0.00022372;-2.9252e-05;0.00082672;-0.00028922
10.5;0.0050014;0.0015076;-0.0003125;0.069237;0;0;0;0;0;0;0;0;0;0;0;0;0;0.00086193;-0.00025708;-3.0379e-05;0.00091999;-0.00031515
11;0.0055911;0.001582;-0.00030806;0.078429;0;0;0;0;0;0;0;0;0;0;0;0;0;0.00095633;-0.00029615;-3.3611e-05;0.0010092;-0.00034902
11.5;0.0062778;0.0017786;-0.00045269;0.08819;0;0;0;0;0;0;0;0;0;0;0;0;0;0.0010703;-0.0003339;-3.0981e-05;0.0011151;-0.00037865
12.001;0.00691;0.0020691;-0.00048614;0.096932;0;0;0;0;0;0;0;0;0;0;0;0;0;0.0011752;-0.0003867;-2.7502e-05;0.0012168;-0.00042826
12.5;0.0077631;0.0022946;-0.00053884;0.10793;0;0;0;0;0;0;0;0;0;0;0;0;0;0.0013222;-0.00043003;-2.9332e-05;0.0013609;-0.00046873
13.001;0.0087975;0.002514;-0.00049081;0.1196;0;0;0;0;0;0;0;0;0;0;0;0;0;0.0014827;-0.00049383;-2.8757e-05;0.0015199;-0.00053111
13.501;0.0098046;0.0027898;-0.00067393;0.13166;0;0;0;0;0;0;0;0;0;0;0;0;0;0.0016594;-0.00058573;-3.5006e-05;0.0016935;-0.00061988
14;0.011306;0.0031844;-0.00096025;0.14288;0;0;0;0;0;0;0;0;0;0;0;0;0;0.0019063;-0.00068998;-3.3749e-05;0.0019382;-0.0007219
14.501;0.013006;0.0037918;-0.0011872;0.15394;0;0;0;0;0;0;0;0;0;0;0;0;0;0.0021966;-0.00082058;-2.8329e-05;0.0022275;-0.00085145
15;0.015175;0.0043679;-0.0015002;0.16548;0;0;0;0;0;0;0;0;0;0;0;0;0;0.0025505;-0.00099383;-2.3951e-05;0.0025787;-0.001022
15.501;0.017458;0.0050809;-0.0018783;0.17476;0;0;0;0;0;0;0;0;0;0;0;0;0;0.0029519;-0.0011952;-1.3562e-05;0.0029783;-0.0012216
16;0.019632;0.0058005;-0.0022262;0.18573;0;0;0;0;0;0;0;0;0;0;0;0;0;0.0033146;-0.0013736;-7.711e-06;0.0033397;-0.0013987
16.501;0.02231;0.0065816;-0.0025953;0.1949;0;0;0;0;0;0;0;0;0;0;0;0;0;0.0037536;-0.001574;-1.7761e-05;0.0037776;-0.0015981
17.001;0.024798;0.0073481;-0.0029104;0.20298;0;0;0;0;0;0;0;0;0;0;0;0;0;0.0041733;-0.0017687;-1.3525e-05;0.0041959;-0.0017913
17.501;0.027419;0.0080876;-0.0032547;0.20894;0;0;0;0;0;0;0;0;0;0;0;0;0;0.0045977;-0.0019503;-2.1287e-05;0.0046195;-0.0019722
18.001;0.02984;0.0089194;-0.0035992;0.21499;0;0;0;0;0;0;0;0;0;0;0;0;0;0.0050101;-0.0021374;-1.9986e-05;0.0050324;-0.0021597
18.5;0.032447;0.0097253;-0.0039287;0.22009;0;0;0;0;0;0;0;0;0;0;0;0;0;0.0054366;-0.0023167;-1.83e-05;0.0054589;-0.002339
19;0.034974;0.010525;-0.0042085;0.22381;0;0;0;0;0;0;0;0;0;0;0;0;0;0.0058388;-0.0025035;-2.1511e-05;0.0058609;-0.0025256
19.501;0.037293;0.011235;-0.0046027;0.22764;0;0;0;0;0;0;0;0;0;0;0;0;0;0.0062441;-0.0026677;-2.0171e-05;0.0062664;-0.0026899
20;0.039827;0.012053;-0.0048544;0.23103;0;0;0;0;0;0;0;0;0;0;0;0;0;0.0066571;-0.0028356;-1.5488e-05;0.0066799;-0.0028585
20.501;0.042265;0.012774;-0.0051054;0.2339;0;0;0;0;0;0;0;0;0;0;0;0;0;0.007053;-0.0030163;-1.68e-05;0.0070765;-0.0030398
21.001;0.044697;0.0135;-0.0054385;0.23679;0;0;0;0;0;0;0;0;0;0;0;0;0;0.007459;-0.0031886;-1.7675e-05;0.0074825;-0.0032121
21.5;0.047148;0.014174;-0.0058121;0.23933;0;0;0;0;0;0;0;0;0;0;0;0;0;0.0078682;-0.0033662;-1.734e-05;0.0078924;-0.0033904
22;0.049514;0.014962;-0.0060966;0.24174;0;0;0;0;0;0;0;0;0;0;0;0;0;0.0082672;-0.003531;-1.915e-05;0.0082912;-0.0035551
22.501;0.051951;0.015749;-0.00639;0.24426;0;0;0;0;0;0;0;0;0;0;0;0;0;0.008675;-0.0037021;-1.7733e-05;0.0086994;-0.0037265
23;0.054185;0.016476;-0.0066545;0.24668;0;0;0;0;0;0;0;0;0;0;0;0;0;0.0090501;-0.0038836;-2.244e-05;0.0090742;-0.0039077
23.501;0.05674;0.017322;-0.0069547;0.24884;0;0;0;0;0;0;0;0;0;0;0;0;0;0.0094632;-0.0040313;-1.2105e-05;0.0094875;-0.0040556
24;0.059137;0.017933;-0.0072587;0.25112;0;0;0;0;0;0;0;0;0;0;0;0;0;0.0098549;-0.0041929;-2.221e-05;0.0098803;-0.0042184
24.5;0.061537;0.018701;-0.0075387;0.25334;0;0;0;0;0;0;0;0;0;0;0;0;0;0.010251;-0.0043781;-1.7381e-05;0.010276;-0.0044037
25;0.063975;0.019575;-0.0078862;0.25532;0;0;0;0;0;0;0;0;0;0;0;0;0;0.010656;-0.0045269;-2.3198e-05;0.010682;-0.0045525
25.5;0.066371;0.020234;-0.0082073;0.25724;0;0;0;0;0;0;0;0;0;0;0;0;0;0.011045;-0.0046941;-1.3502e-05;0.01107;-0.0047197
26.001;0.068806;0.02096;-0.0085083;0.25911;0;0;0;0;0;0;0;0;0;0;0;0;0;0.01145;-0.0048566;-1.6561e-05;0.011476;-0.0048826
26.501;0.071212;0.021736;-0.008764;0.26125;0;0;0;0;0;0;0;0;0;0;0;0;0;0.011843;-0.0050294;-1.7991e-05;0.01187;-0.0050559
27;0.073614;0.022417;-0.009059;0.26319;0;0;0;0;0;0;0;0;0;0;0;0;0;0.012233;-0.0052016;-2.7664e-05;0.01226;-0.0052288
27.5;0.076102;0.023161;-0.0093011;0.2648;0;0;0;0;0;0;0;0;0;0;0;0;0;0.012635;-0.0053543;-2.204e-05;0.012662;-0.0053815
28;0.078586;0.024045;-0.0095232;0.26666;0;0;0;0;0;0;0;0;0;0;0;0;0;0.013033;-0.0055222;-1.8864e-05;0.01306;-0.0055495
28.501;0.081151;0.024798;-0.009797;0.26848;0;0;0;0;0;0;0;0;0;0;0;0;0;0.013437;-0.0056844;-1.7341e-05;0.013464;-0.0057122
29;0.083387;0.025475;-0.010014;0.27013;0;0;0;0;0;0;0;0;0;0;0;0;0;0.013827;-0.0058581;-1.9454e-05;0.013854;-0.0058855
29.501;0.085752;0.02624;-0.010275;0.27187;0;0;0;0;0;0;0;0;0;0;0;0;0;0.014214;-0.0060208;-2.0312e-05;0.014242;-0.0060492
30;0.088154;0.027055;-0.010542;0.27345;0;0;0;0;0;0;0;0;0;0;0;0;0;0.014617;-0.0061833;-1.3939e-05;0.014645;-0.006211
30.5;0.090525;0.027804;-0.010871;0.27499;0;0;0;0;0;0;0;0;0;0;0;0;0;0.015006;-0.006352;-2.0363e-05;0.015035;-0.006381
31;0.093057;0.028521;-0.011121;0.27661;0;0;0;0;0;0;0;0;0;0;0;0;0;0.015405;-0.0064947;-1.9879e-05;0.015434;-0.0065239
31.5;0.095537;0.029344;-0.011443;0.2782;0;0;0;0;0;0;0;0;0;0;0;0;0;0.015816;-0.0066681;-1.9219e-05;0.015845;-0.0066972
32.001;0.097785;0.030006;-0.011741;0.27964;0;0;0;0;0;0;0;0;0;0;0;0;0;0.016197;-0.0068376;-2.4568e-05;0.016227;-0.0068671
32.5;0.10035;0.030854;-0.011995;0.28104;0;0;0;0;0;0;0;0;0;0;0;0;0;0.016606;-0.0070022;-1.5356e-05;0.016635;-0.0070318
33;0.1028;0.03161;-0.01224;0.28253;0;0;0;0;0;0;0;0;0;0;0;0;0;0.017019;-0.007171;-2.694e-05;0.017049;-0.0072012
33.5;0.10519;0.032362;-0.012592;0.28399;0;0;0;0;0;0;0;0;0;0;0;0;0;0.017402;-0.0073248;-1.4209e-05;0.017432;-0.0073555
34;0.10762;0.033218;-0.0129;0.28521;0;0;0;0;0;0;0;0;0;0;0;0;0;0.017793;-0.0075058;-1.6931e-05;0.017824;-0.0075369
34.5;0.11004;0.033823;-0.013216;0.28662;0;0;0;0;0;0;0;0;0;0;0;0;0;0.018197;-0.0076628;-1.2845e-05;0.018228;-0.0076938
35;0.11244;0.034605;-0.013521;0.288;0;0;0;0;0;0;0;0;0;0;0;0;0;0.018591;-0.0078433;-1.9081e-05;0.018623;-0.0078751
35.5;0.11492;0.035409;-0.013819;0.28926;0;0;0;0;0;0;0;0;0;0;0;0;0;0.018995;-0.0079909;-1.9674e-05;0.019026;-0.0080224
36;0.11727;0.036159;-0.014198;0.29058;0;0;0;0;0;0;0;0;0;0;0;0;0;0.019381;-0.0081691;-1.5258e-05;0.019413;-0.0082015
36.5;0.11977;0.036913;-0.014599;0.29188;0;0;0;0;0;0;0;0;0;0;0;0;0;0.019791;-0.0083479;-1.1126e-05;0.019824;-0.0083806
37;0.12235;0.037717;-0.014792;0.29315;0;0;0;0;0;0;0;0;0;0;0;0;0;0.020196;-0.0084973;-1.1855e-05;0.020229;-0.0085305
37.501;0.12472;0.038487;-0.015039;0.29422;0;0;0;0;0;0;0;0;0;0;0;0;0;0.020596;-0.0086657;-8.8414e-06;0.02063;-0.008699
38;0.12715;0.039172;-0.015472;0.29545;0;0;0;0;0;0;0;0;0;0;0;0;0;0.020995;-0.0088378;-5.7246e-06;0.021029;-0.0088717
38.5;0.12964;0.040006;-0.015728;0.29667;0;0;0;0;0;0;0;0;0;0;0;0;0;0.021405;-0.009011;-1.2249e-05;0.021439;-0.0090456
39;0.13195;0.040809;-0.016053;0.29768;0;0;0;0;0;0;0;0;0;0;0;0;0;0.021802;-0.0091629;-1.0823e-05;0.021837;-0.0091976
39.5;0.13455;0.041644;-0.016331;0.29886;0;0;0;0;0;0;0;0;0;0;0;0;0;0.022217;-0.0093221;-3.8315e-06;0.022252;-0.0093571
40;0.13764;0.042472;-0.016632;0.30002;0;0;0;0;0;0;0;0;0;0;0;0;0;0.022702;-0.0094854;1.944e-05;0.022737;-0.0095205
40.5;0.1394;0.043069;-0.016955;0.30117;0;0;0;0;0;0;0;0;0;0;0;0;0;0.022992;-0.0096749;1.132e-06;0.023027;-0.0097097
41;0.14167;0.043899;-0.017256;0.3022;0;0;0;0;0;0;0;0;0;0;0;0;0;0.023367;-0.0098594;1.8587e-05;0.023403;-0.0098946
41.5;0.14441;0.044611;-0.017804;0.3033;0;0;0;0;0;0;0;0;0;0;0;0;0;0.023811;-0.01;2.9502e-05;0.023846;-0.010035
42.001;0.14696;0.045448;-0.018199;0.3043;0;0;0;0;0;0;0;0;0;0;0;0;0;0.024234;-0.010189;4.4489e-06;0.024269;-0.010225
42.5;0.14953;0.04632;-0.018508;0.30527;0;0;0;0;0;0;0;0;0;0;0;0;0;0.024643;-0.010357;1.8033e-05;0.024678;-0.010393
43;0.15198;0.046938;-0.018723;0.3063;0;0;0;0;0;0;0;0;0;0;0;0;0;0.02503;-0.010513;7.0086e-06;0.025066;-0.010549
43.501;0.15459;0.047704;-0.019042;0.30723;0;0;0;0;0;0;0;0;0;0;0;0;0;0.02544;-0.010695;1.3313e-05;0.025476;-0.010731
44;0.15706;0.048519;-0.019324;0.30823;0;0;0;0;0;0;0;0;0;0;0;0;0;0.025846;-0.010849;1.7339e-05;0.025883;-0.010886
44.501;0.15968;0.049306;-0.019651;0.30913;0;0;0;0;0;0;0;0;0;0;0;0;0;0.026248;-0.011028;1.8105e-05;0.026285;-0.011065
45;0.16203;0.050176;-0.019889;0.31009;0;0;0;0;0;0;0;0;0;0;0;0;0;0.026651;-0.011203;1.9166e-05;0.026688;-0.01124
45.5;0.16467;0.050998;-0.020183;0.31097;0;0;0;0;0;0;0;0;0;0;0;0;0;0.027059;-0.011366;1.8363e-05;0.027097;-0.011404
46;0.16709;0.051719;-0.02048;0.31191;0;0;0;0;0;0;0;0;0;0;0;0;0;0.027462;-0.011547;2.4539e-05;0.027501;-0.011585
46.501;0.16965;0.05251;-0.020745;0.31278;0;0;0;0;0;0;0;0;0;0;0;0;0;0.02788;-0.011688;1.8421e-05;0.027918;-0.011726
47;0.17214;0.053285;-0.021072;0.31371;0;0;0;0;0;0;0;0;0;0;0;0;0;0.028283;-0.011857;2.8415e-05;0.028323;-0.011896
47.501;0.17453;0.054063;-0.02139;0.31462;0;0;0;0;0;0;0;0;0;0;0;0;0;0.028676;-0.012022;2.351e-05;0.028715;-0.012061
48.001;0.17731;0.054972;-0.021749;0.31553;0;0;0;0;0;0;0;0;0;0;0;0;0;0.029111;-0.012209;1.6602e-05;0.029151;-0.01225
48.5;0.17984;0.055712;-0.022025;0.31629;0;0;0;0;0;0;0;0;0;0;0;0;0;0.029512;-0.012362;2.4613e-05;0.029552;-0.012402
49;0.18242;0.056506;-0.022361;0.31716;0;0;0;0;0;0;0;0;0;0;0;0;0;0.029929;-0.012539;2.4116e-05;0.02997;-0.01258
49.5;0.18498;0.057344;-0.022635;0.31802;0;0;0;0;0;0;0;0;0;0;0;0;0;0.03034;-0.012729;2.7346e-05;0.030381;-0.012769
50.001;0.18754;0.058126;-0.022961;0.31875;0;0;0;0;0;0;0;0;0;0;0;0;0;0.030755;-0.012894;3.0466e-05;0.030796;-0.012935
50.501;0.19001;0.058929;-0.02326;0.31965;0;0;0;0;0;0;0;0;0;0;0;0;0;0.031166;-0.013067;3.4811e-05;0.031208;-0.013109
51;0.19265;0.059733;-0.023644;0.3204;0;0;0;0;0;0;0;0;0;0;0;0;0;0.031583;-0.013251;3.7085e-05;0.031625;-0.013293
51.501;0.19514;0.060628;-0.024041;0.32109;0;0;0;0;0;0;0;0;0;0;0;0;0;0.032005;-0.013418;4.0821e-05;0.032047;-0.013459
52;0.19774;0.061462;-0.024331;0.32195;0;0;0;0;0;0;0;0;0;0;0;0;0;0.032412;-0.013569;4.0165e-05;0.032455;-0.013612
52.5;0.20035;0.0623;-0.024696;0.32268;0;0;0;0;0;0;0;0;0;0;0;0;0;0.032837;-0.013761;2.9966e-05;0.03288;-0.013803
53;0.20279;0.063103;-0.024979;0.32347;0;0;0;0;0;0;0;0;0;0;0;0;0;0.033227;-0.013931;2.7341e-05;0.03327;-0.013975
53.5;0.20518;0.063762;-0.025268;0.32418;0;0;0;0;0;0;0;0;0;0;0;0;0;0.03361;-0.01408;6.4019e-05;0.033654;-0.014123
54;0.20795;0.064611;-0.025621;0.32494;0;0;0;0;0;0;0;0;0;0;0;0;0;0.034038;-0.014282;5.0339e-05;0.034082;-0.014326
54.5;0.21058;0.065501;-0.025925;0.32568;0;0;0;0;0;0;0;0;0;0;0;0;0;0.034468;-0.014434;4.6762e-05;0.034512;-0.014478
55.001;0.21303;0.06622;-0.026149;0.32636;0;0;0;0;0;0;0;0;0;0;0;0;0;0.034855;-0.014616;5.8775e-05;0.034899;-0.01466
55.5;0.21574;0.067172;-0.026447;0.32704;0;0;0;0;0;0;0;0;0;0;0;0;0;0.035281;-0.014783;4.6459e-05;0.035326;-0.014827
56;0.2184;0.06798;-0.026865;0.32774;0;0;0;0;0;0;0;0;0;0;0;0;0;0.035736;-0.014954;6.0699e-05;0.035781;-0.014999
56.5;0.22093;0.06879;-0.027277;0.32845;0;0;0;0;0;0;0;0;0;0;0;0;0;0.036121;-0.015147;6.0068e-05;0.036166;-0.015192
57;0.22355;0.069624;-0.027555;0.32904;0;0;0;0;0;0;0;0;0;0;0;0;0;0.036543;-0.015306;5.3993e-05;0.036588;-0.015352
57.5;0.22624;0.070335;-0.027902;0.32978;0;0;0;0;0;0;0;0;0;0;0;0;0;0.036963;-0.015476;5.7567e-05;0.037009;-0.015522
58;0.22863;0.071235;-0.028056;0.3304;0;0;0;0;0;0;0;0;0;0;0;0;0;0.03736;-0.015638;7.5372e-05;0.037406;-0.015684
58.5;0.23138;0.071995;-0.028353;0.331;0;0;0;0;0;0;0;0;0;0;0;0;0;0.037789;-0.015801;6.3341e-05;0.037835;-0.015847
59;0.23395;0.072817;-0.028784;0.33162;0;0;0;0;0;0;0;0;0;0;0;0;0;0.038186;-0.016055;6.8892e-05;0.038232;-0.016101
59.5;0.23665;0.073731;-0.028927;0.33232;0;0;0;0;0;0;0;0;0;0;0;0;0;0.038613;-0.016151;6.9069e-05;0.038659;-0.016197
60;0.23915;0.074475;-0.029345;0.33292;0;0;0;0;0;0;0;0;0;0;0;0;0;0.039017;-0.016341;7.6833e-05;0.039064;-0.016388
60.5;0.24174;0.075291;-0.029618;0.33349;0;0;0;0;0;0;0;0;0;0;0;0;0;0.039435;-0.016494;7.8566e-05;0.039482;-0.016541
61;0.24456;0.076176;-0.029946;0.33411;0;0;0;0;0;0;0;0;0;0;0;0;0;0.039856;-0.016666;8.3382e-05;0.039904;-0.016714
61.501;0.24713;0.076939;-0.030281;0.33469;0;0;0;0;0;0;0;0;0;0;0;0;0;0.040275;-0.016839;9.5598e-05;0.040323;-0.016887
62;0.24957;0.077675;-0.030551;0.33531;0;0;0;0;0;0;0;0;0;0;0;0;0;0.040683;-0.016989;9.4962e-05;0.040732;-0.017037
62.5;0.25214;0.078491;-0.030964;0.33588;0;0;0;0;0;0;0;0;0;0;0;0;0;0.041087;-0.017198;8.8593e-05;0.041136;-0.017246
63;0.25469;0.079333;-0.031305;0.33646;0;0;0;0;0;0;0;0;0;0;0;0;0;0.041501;-0.017374;9.4579e-05;0.04155;-0.017424
63.5;0.25738;0.080192;-0.031669;0.337;0;0;0;0;0;0;0;0;0;0;0;0;0;0.041932;-0.017549;9.4211e-05;0.041981;-0.017598
64.001;0.25988;0.081058;-0.032013;0.33758;0;0;0;0;0;0;0;0;0;0;0;0;0;0.042341;-0.017725;9.9302e-05;0.04239;-0.017774
64.5;0.26248;0.081954;-0.032302;0.33815;0;0;0;0;0;0;0;0;0;0;0;0;0;0.042757;-0.017901;9.8347e-05;0.042806;-0.017951
65;0.26516;0.082797;-0.032645;0.33871;0;0;0;0;0;0;0;0;0;0;0;0;0;0.043171;-0.018079;9.7392e-05;0.043221;-0.018128
65.5;0.26774;0.083634;-0.033075;0.33918;0;0;0;0;0;0;0;0;0;0;0;0;0;0.043596;-0.018228;0.00010423;0.043646;-0.018278
66;0.27036;0.084418;-0.033454;0.33974;0;0;0;0;0;0;0;0;0;0;0;0;0;0.044014;-0.018423;0.00011282;0.044064;-0.018473
66.5;0.27294;0.085239;-0.033824;0.34029;0;0;0;0;0;0;0;0;0;0;0;0;0;0.044433;-0.018594;0.00011563;0.044484;-0.018645
67;0.27568;0.086054;-0.034186;0.34074;0;0;0;0;0;0;0;0;0;0;0;0;0;0.044851;-0.018784;0.00012098;0.044901;-0.018834
67.5;0.27819;0.086861;-0.034546;0.34128;0;0;0;0;0;0;0;0;0;0;0;0;0;0.045261;-0.018929;0.0001135;0.045312;-0.01898
68;0.28089;0.087746;-0.034903;0.34179;0;0;0;0;0;0;0;0;0;0;0;0;0;0.045698;-0.019116;0.00012522;0.045748;-0.019167
68.5;0.28355;0.088624;-0.035308;0.34228;0;0;0;0;0;0;0;0;0;0;0;0;0;0.046122;-0.019291;0.00012195;0.046174;-0.019343
68.999;0.28604;0.089452;-0.035559;0.3428;0;0;0;0;0;0;0;0;0;0;0;0;0;0.046527;-0.01947;0.00013353;0.04658;-0.019522
69.5;0.28883;0.090343;-0.035886;0.34328;0;0;0;0;0;0;0;0;0;0;0;0;0;0.046965;-0.019623;0.00013605;0.047017;-0.019675
70;0.29138;0.091182;-0.036195;0.34382;0;0;0;0;0;0;0;0;0;0;0;0;0;0.047377;-0.019823;0.00014339;0.047429;-0.019876
70.501;0.29411;0.09207;-0.036575;0.34424;0;0;0;0;0;0;0;0;0;0;0;0;0;0.047794;-0.019989;0.00014019;0.047848;-0.020043
71.001;0.29683;0.092924;-0.036831;0.34473;0;0;0;0;0;0;0;0;0;0;0;0;0;0.048231;-0.020167;0.00014698;0.048284;-0.020221
71.5;0.29972;0.093788;-0.037145;0.34521;0;0;0;0;0;0;0;0;0;0;0;0;0;0.048679;-0.020332;0.00015906;0.048732;-0.020386
72.001;0.30192;0.094585;-0.037462;0.34562;0;0;0;0;0;0;0;0;0;0;0;0;0;0.049062;-0.020512;0.00013356;0.049116;-0.020566
72.5;0.3047;0.095399;-0.037769;0.34609;0;0;0;0;0;0;0;0;0;0;0;0;0;0.049499;-0.020678;0.00015237;0.049554;-0.020733
73;0.30716;0.096224;-0.038157;0.34655;0;0;0;0;0;0;0;0;0;0;0;0;0;0.049874;-0.02088;0.00014325;0.049928;-0.020935
73.5;0.30997;0.097055;-0.038412;0.34696;0;0;0;0;0;0;0;0;0;0;0;0;0;0.050328;-0.021026;0.00015976;0.050382;-0.02108
74;0.31255;0.097916;-0.038703;0.34737;0;0;0;0;0;0;0;0;0;0;0;0;0;0.050735;-0.021237;0.00016585;0.05079;-0.021292
74.5;0.31522;0.098723;-0.038978;0.34785;0;0;0;0;0;0;0;0;0;0;0;0;0;0.051164;-0.021396;0.00016772;0.051219;-0.021451
75;0.31798;0.099615;-0.03929;0.34826;0;0;0;0;0;0;0;0;0;0;0;0;0;0.051602;-0.021571;0.00017754;0.051658;-0.021627
75.5;0.32058;0.10045;-0.039562;0.34866;0;0;0;0;0;0;0;0;0;0;0;0;0;0.052001;-0.021747;0.00016521;0.052057;-0.021803
76;0.32344;0.1013;-0.039995;0.34911;0;0;0;0;0;0;0;0;0;0;0;0;0;0.052464;-0.021912;0.00018129;0.05252;-0.021968
76.5;0.32587;0.10215;-0.04024;0.34955;0;0;0;0;0;0;0;0;0;0;0;0;0;0.052862;-0.022091;0.00017535;0.052918;-0.022148
77;0.3288;0.10307;-0.040595;0.3499;0;0;0;0;0;0;0;0;0;0;0;0;0;0.053313;-0.022271;0.00018683;0.05337;-0.022327
77.5;0.33122;0.10383;-0.040958;0.35032;0;0;0;0;0;0;0;0;0;0;0;0;0;0.053702;-0.022427;0.00018832;0.053759;-0.022484
78;0.33387;0.10462;-0.041287;0.35075;0;0;0;0;0;0;0;0;0;0;0;0;0;0.054122;-0.022588;0.00018022;0.054179;-0.022645
78.5;0.33656;0.10548;-0.041696;0.35118;0;0;0;0;0;0;0;0;0;0;0;0;0;0.054558;-0.022799;0.00019081;0.054615;-0.022856
79;0.33947;0.10641;-0.042093;0.35157;0;0;0;0;0;0;0;0;0;0;0;0;0;0.054992;-0.022971;0.00019454;0.05505;-0.023029
79.5;0.34214;0.10729;-0.042484;0.35198;0;0;0;0;0;0;0;0;0;0;0;0;0;0.055418;-0.023151;0.00019071;0.055476;-0.023209
80;0.345;0.1082;-0.042836;0.35236;0;0;0;0;0;0;0;0;0;0;0;0;0;0.055851;-0.02334;0.0001947;0.055909;-0.023398
80.5;0.34755;0.10902;-0.043183;0.35271;0;0;0;0;0;0;0;0;0;0;0;0;0;0.056265;-0.023508;0.00020748;0.056324;-0.023567
81;0.35023;0.10986;-0.043579;0.3531;0;0;0;0;0;0;0;0;0;0;0;0;0;0.056695;-0.023682;0.00021523;0.056754;-0.023741
81.5;0.35294;0.11067;-0.043959;0.3535;0;0;0;0;0;0;0;0;0;0;0;0;0;0.057119;-0.023865;0.00021706;0.057179;-0.023924
82;0.35551;0.11161;-0.044363;0.35381;0;0;0;0;0;0;0;0;0;0;0;0;0;0.05753;-0.024052;0.0002147;0.057589;-0.024111
82.5;0.35848;0.11245;-0.044773;0.35416;0;0;0;0;0;0;0;0;0;0;0;0;0;0.057992;-0.024227;0.00021947;0.058051;-0.024286
83;0.36095;0.11324;-0.04515;0.35452;0;0;0;0;0;0;0;0;0;0;0;0;0;0.058381;-0.024425;0.00022347;0.058442;-0.024485
83.5;0.36376;0.11415;-0.045413;0.35484;0;0;0;0;0;0;0;0;0;0;0;0;0;0.058815;-0.024564;0.00022215;0.058876;-0.024624
84.001;0.36644;0.11497;-0.04582;0.35517;0;0;0;0;0;0;0;0;0;0;0;0;0;0.059246;-0.024763;0.00023057;0.059307;-0.024824
84.5;0.36902;0.11588;-0.046273;0.35548;0;0;0;0;0;0;0;0;0;0;0;0;0;0.059646;-0.024944;0.00024385;0.059707;-0.025005
85;0.37173;0.11677;-0.04647;0.35582;0;0;0;0;0;0;0;0;0;0;0;0;0;0.060086;-0.025112;0.00025356;0.060148;-0.025174
85.5;0.37435;0.11755;-0.046847;0.35613;0;0;0;0;0;0;0;0;0;0;0;0;0;0.060488;-0.02528;0.00025728;0.060549;-0.025341
86;0.37715;0.11854;-0.047098;0.35645;0;0;0;0;0;0;0;0;0;0;0;0;0;0.06094;-0.025454;0.00024015;0.061002;-0.025516
86.5;0.38002;0.11944;-0.04752;0.35679;0;0;0;0;0;0;0;0;0;0;0;0;0;0.06138;-0.025638;0.00024383;0.061442;-0.0257
87;0.38259;0.12025;-0.047779;0.3571;0;0;0;0;0;0;0;0;0;0;0;0;0;0.061797;-0.025801;0.00025355;0.06186;-0.025864
87.5;0.38553;0.12121;-0.048201;0.35744;0;0;0;0;0;0;0;0;0;0;0;0;0;0.062255;-0.025989;0.00028122;0.062318;-0.026052
88;0.38808;0.12207;-0.048482;0.35778;0;0;0;0;0;0;0;0;0;0;0;0;0;0.062659;-0.026181;0.00027202;0.062722;-0.026244
88.5;0.3907;0.12288;-0.049008;0.3581;0;0;0;0;0;0;0;0;0;0;0;0;0;0.063066;-0.026361;0.00027747;0.06313;-0.026425
89;0.39355;0.12383;-0.049263;0.35843;0;0;0;0;0;0;0;0;0;0;0;0;0;0.063528;-0.026525;0.00027701;0.063591;-0.026589
89.5;0.39636;0.12472;-0.049599;0.35872;0;0;0;0;0;0;0;0;0;0;0;0;0;0.063961;-0.026712;0.00027285;0.064025;-0.026776
90;0.39896;0.12559;-0.049939;0.35906;0;0;0;0;0;0;0;0;0;0;0;0;0;0.064363;-0.026874;0.00028672;0.064428;-0.026938
90.5;0.40169;0.12647;-0.050351;0.35932;0;0;0;0;0;0;0;0;0;0;0;0;0;0.064791;-0.027072;0.00027493;0.064855;-0.027136
91.001;0.40427;0.12722;-0.050684;0.35962;0;0;0;0;0;0;0;0;0;0;0;0;0;0.065212;-0.027251;0.00027132;0.065277;-0.027316
91.5;0.40721;0.12827;-0.051043;0.3599;0;0;0;0;0;0;0;0;0;0;0;0;0;0.065677;-0.027429;0.0002829;0.065743;-0.027494
92;0.4096;0.12903;-0.051347;0.36021;0;0;0;0;0;0;0;0;0;0;0;0;0;0.066045;-0.027601;0.00029318;0.066112;-0.027667
92.499;0.41271;0.13003;-0.051757;0.36046;0;0;0;0;0;0;0;0;0;0;0;0;0;0.066507;-0.027774;0.00026626;0.066574;-0.027841
93;0.41536;0.13085;-0.052088;0.36076;0;0;0;0;0;0;0;0;0;0;0;0;0;0.066937;-0.027953;0.00029762;0.067003;-0.02802
93.501;0.41817;0.13175;-0.05241;0.36104;0;0;0;0;0;0;0;0;0;0;0;0;0;0.067355;-0.028138;0.00028838;0.067422;-0.028205
94;0.42096;0.13266;-0.052715;0.36129;0;0;0;0;0;0;0;0;0;0;0;0;0;0.067798;-0.028316;0.00029666;0.067866;-0.028384
94.5;0.42373;0.13361;-0.053116;0.36157;0;0;0;0;0;0;0;0;0;0;0;0;0;0.068217;-0.028498;0.00030181;0.068284;-0.028566
95;0.42643;0.13451;-0.053457;0.36186;0;0;0;0;0;0;0;0;0;0;0;0;0;0.068647;-0.028671;0.00030109;0.068715;-0.028739
95.499;0.42913;0.13545;-0.053795;0.36211;0;0;0;0;0;0;0;0;0;0;0;0;0;0.06908;-0.028851;0.00030454;0.069148;-0.02892
96;0.43193;0.13636;-0.054166;0.36238;0;0;0;0;0;0;0;0;0;0;0;0;0;0.069514;-0.029038;0.00031253;0.069583;-0.029107
96.5;0.43472;0.13731;-0.054461;0.36264;0;0;0;0;0;0;0;0;0;0;0;0;0;0.069945;-0.029221;0.00031217;0.070014;-0.02929
97;0.43744;0.13819;-0.054864;0.36289;0;0;0;0;0;0;0;0;0;0;0;0;0;0.070378;-0.029397;0.00031151;0.070447;-0.029466
97.5;0.44033;0.13913;-0.055224;0.36317;0;0;0;0;0;0;0;0;0;0;0;0;0;0.070813;-0.029574;0.00031658;0.070883;-0.029643
97.999;0.44308;0.14002;-0.055615;0.36345;0;0;0;0;0;0;0;0;0;0;0;0;0;0.071244;-0.029757;0.00031981;0.071314;-0.029827
98.5;0.4459;0.14091;-0.055951;0.36372;0;0;0;0;0;0;0;0;0;0;0;0;0;0.071669;-0.029939;0.00032502;0.071739;-0.03001
99;0.44861;0.14186;-0.05632;0.36394;0;0;0;0;0;0;0;0;0;0;0;0;0;0.072109;-0.030125;0.00032268;0.072179;-0.030196
99.5;0.45146;0.14275;-0.056658;0.36423;0;0;0;0;0;0;0;0;0;0;0;0;0;0.07254;-0.030295;0.00032452;0.072611;-0.030366
100;0.45419;0.14365;-0.057078;0.36447;0;0;0;0;0;0;0;0;0;0;0;0;0;0.072971;-0.030473;0.00033036;0.073042;-0.030545
100.5;0.45704;0.14453;-0.057392;0.36473;0;0;0;0;0;0;0;0;0;0;0;0;0;0.073402;-0.030655;0.00033272;0.073474;-0.030727
101;0.45979;0.14554;-0.057783;0.36495;0;0;0;0;0;0;0;0;0;0;0;0;0;0.073842;-0.030842;0.00034222;0.073914;-0.030915
101.5;0.46261;0.14636;-0.0581;0.36518;0;0;0;0;0;0;0;0;0;0;0;0;0;0.07427;-0.031008;0.00034506;0.074343;-0.031081
102;0.46531;0.1473;-0.058501;0.36542;0;0;0;0;0;0;0;0;0;0;0;0;0;0.074703;-0.031207;0.0003408;0.074775;-0.03128
102.5;0.46822;0.14823;-0.058805;0.36565;0;0;0;0;0;0;0;0;0;0;0;0;0;0.075143;-0.031376;0.0003435;0.075216;-0.031449
103;0.47105;0.14913;-0.059286;0.3659;0;0;0;0;0;0;0;0;0;0;0;0;0;0.07558;-0.031576;0.00034969;0.075653;-0.031649
103.5;0.47375;0.15011;-0.059605;0.36614;0;0;0;0;0;0;0;0;0;0;0;0;0;0.076004;-0.03176;0.00034609;0.076079;-0.031834
104;0.47671;0.15094;-0.059965;0.36636;0;0;0;0;0;0;0;0;0;0;0;0;0;0.076446;-0.03192;0.00035218;0.07652;-0.031994
104.5;0.47944;0.15192;-0.060258;0.36658;0;0;0;0;0;0;0;0;0;0;0;0;0;0.076881;-0.032108;0.00036237;0.076955;-0.032182
105;0.4822;0.15292;-0.060625;0.36682;0;0;0;0;0;0;0;0;0;0;0;0;0;0.077325;-0.032301;0.00036232;0.0774;-0.032376
105.5;0.48508;0.15374;-0.060999;0.36703;0;0;0;0;0;0;0;0;0;0;0;0;0;0.077755;-0.032476;0.00036396;0.077831;-0.032552
106;0.48812;0.15474;-0.061413;0.36724;0;0;0;0;0;0;0;0;0;0;0;0;0;0.078226;-0.032653;0.00037189;0.078302;-0.03273
106.5;0.49098;0.15561;-0.061731;0.36746;0;0;0;0;0;0;0;0;0;0;0;0;0;0.078653;-0.03283;0.00037007;0.078729;-0.032906
107;0.49343;0.15645;-0.062108;0.36768;0;0;0;0;0;0;0;0;0;0;0;0;0;0.079025;-0.033009;0.00038323;0.079102;-0.033086
107.5;0.49649;0.15741;-0.062439;0.36789;0;0;0;0;0;0;0;0;0;0;0;0;0;0.079504;-0.033205;0.00037919;0.079581;-0.033282
108;0.49936;0.15839;-0.062795;0.36808;0;0;0;0;0;0;0;0;0;0;0;0;0;0.07994;-0.033377;0.00037946;0.080017;-0.033454
108.5;0.50211;0.15922;-0.063131;0.36827;0;0;0;0;0;0;0;0;0;0;0;0;0;0.080378;-0.033552;0.00038637;0.080456;-0.03363
109;0.50498;0.16019;-0.063495;0.36847;0;0;0;0;0;0;0;0;0;0;0;0;0;0.080816;-0.033749;0.00038776;0.080894;-0.033827
109.5;0.50786;0.16105;-0.063887;0.36868;0;0;0;0;0;0;0;0;0;0;0;0;0;0.081246;-0.033922;0.00039123;0.081325;-0.034
110;0.51065;0.16194;-0.064296;0.36884;0;0;0;0;0;0;0;0;0;0;0;0;0;0.081677;-0.034111;0.00040126;0.081755;-0.03419
110.5;0.51343;0.16287;-0.064658;0.36907;0;0;0;0;0;0;0;0;0;0;0;0;0;0.082116;-0.034298;0.00039855;0.082195;-0.034376
111;0.51644;0.16381;-0.065045;0.36925;0;0;0;0;0;0;0;0;0;0;0;0;0;0.082566;-0.03446;0.00039943;0.082645;-0.034539
111.5;0.51921;0.16484;-0.065466;0.36944;0;0;0;0;0;0;0;0;0;0;0;0;0;0.082999;-0.034645;0.00040544;0.083079;-0.034725
112;0.52198;0.1657;-0.06578;0.36965;0;0;0;0;0;0;0;0;0;0;0;0;0;0.083435;-0.034823;0.00041176;0.083515;-0.034903
112.5;0.52487;0.16664;-0.066257;0.36984;0;0;0;0;0;0;0;0;0;0;0;0;0;0.083869;-0.035007;0.00041209;0.083949;-0.035087
113;0.52771;0.16755;-0.066665;0.37001;0;0;0;0;0;0;0;0;0;0;0;0;0;0.084305;-0.035223;0.00041299;0.084386;-0.035304
113.5;0.53023;0.16834;-0.067323;0.37021;0;0;0;0;0;0;0;0;0;0;0;0;0;0.084686;-0.035497;0.00034415;0.084766;-0.035577
114;0.53384;0.16956;-0.06725;0.37041;0;0;0;0;0;0;0;0;0;0;0;0;0;0.08524;-0.035537;0.00039935;0.085322;-0.035618
114.5;0.53625;0.17033;-0.067784;0.3706;0;0;0;0;0;0;0;0;0;0;0;0;0;0.085623;-0.035749;0.00042378;0.085705;-0.035831
115;0.5391;0.17125;-0.068137;0.37077;0;0;0;0;0;0;0;0;0;0;0;0;0;0.086063;-0.03591;0.00043504;0.086145;-0.035992
115.5;0.54192;0.17217;-0.068549;0.37093;0;0;0;0;0;0;0;0;0;0;0;0;0;0.0865;-0.036081;0.00043147;0.086582;-0.036164
116;0.54475;0.17318;-0.068918;0.37111;0;0;0;0;0;0;0;0;0;0;0;0;0;0.086939;-0.036272;0.00043598;0.087022;-0.036356
116.5;0.54779;0.17418;-0.069299;0.37126;0;0;0;0;0;0;0;0;0;0;0;0;0;0.087378;-0.036471;0.00044212;0.087462;-0.036555
117;0.5507;0.17509;-0.069706;0.37145;0;0;0;0;0;0;0;0;0;0;0;0;0;0.087825;-0.036653;0.0004454;0.087909;-0.036737
117.5;0.55363;0.17615;-0.07002;0.37163;0;0;0;0;0;0;0;0;0;0;0;0;0;0.088276;-0.036814;0.0004449;0.088361;-0.036898
118;0.55636;0.17706;-0.070479;0.37178;0;0;0;0;0;0;0;0;0;0;0;0;0;0.08871;-0.037009;0.0004462;0.088794;-0.037094
118.5;0.55924;0.17805;-0.07084;0.37195;0;0;0;0;0;0;0;0;0;0;0;0;0;0.089158;-0.037206;0.0004529;0.089244;-0.037291
119;0.56232;0.179;-0.071264;0.37212;0;0;0;0;0;0;0;0;0;0;0;0;0;0.089603;-0.03738;0.00045247;0.089688;-0.037465
119.5;0.56513;0.17992;-0.071627;0.37228;0;0;0;0;0;0;0;0;0;0;0;0;0;0.090033;-0.037551;0.00045709;0.09012;-0.037637
120;0.56804;0.18081;-0.072018;0.37243;0;0;0;0;0;0;0;0;0;0;0;0;0;0.090471;-0.037743;0.00045423;0.090558;-0.03783
120.5;0.57082;0.18174;-0.072471;0.37259;0;0;0;0;0;0;0;0;0;0;0;0;0;0.090903;-0.037933;0.00046572;0.09099;-0.03802
121;0.57373;0.18272;-0.07281;0.37274;0;0;0;0;0;0;0;0;0;0;0;0;0;0.091351;-0.03811;0.000467;0.091439;-0.038198
121.5;0.57675;0.18374;-0.07317;0.37288;0;0;0;0;0;0;0;0;0;0;0;0;0;0.091797;-0.038294;0.00047505;0.091886;-0.038383
122;0.57951;0.18473;-0.073516;0.37305;0;0;0;0;0;0;0;0;0;0;0;0;0;0.092241;-0.038476;0.00047376;0.092329;-0.038564
122.5;0.58252;0.18572;-0.07392;0.37318;0;0;0;0;0;0;0;0;0;0;0;0;0;0.092689;-0.038672;0.00047713;0.092778;-0.038761
123;0.58538;0.18672;-0.074243;0.37334;0;0;0;0;0;0;0;0;0;0;0;0;0;0.093137;-0.038799;0.00049255;0.093227;-0.038889
123.5;0.58845;0.18772;-0.074692;0.37349;0;0;0;0;0;0;0;0;0;0;0;0;0;0.093582;-0.039026;0.00048762;0.093672;-0.039116
124;0.59122;0.18873;-0.075196;0.37363;0;0;0;0;0;0;0;0;0;0;0;0;0;0.094009;-0.039276;0.00048847;0.094099;-0.039366
124.5;0.59413;0.18967;-0.075466;0.37379;0;0;0;0;0;0;0;0;0;0;0;0;0;0.094456;-0.039385;0.00048897;0.094546;-0.039476
125;0.59724;0.19069;-0.075788;0.37393;0;0;0;0;0;0;0;0;0;0;0;0;0;0.094926;-0.039552;0.00050883;0.095017;-0.039643
125.5;0.5995;0.1915;-0.076276;0.37407;0;0;0;0;0;0;0;0;0;0;0;0;0;0.095274;-0.039746;0.00050242;0.095365;-0.039837
126;0.60299;0.19269;-0.07652;0.37419;0;0;0;0;0;0;0;0;0;0;0;0;0;0.095788;-0.039924;0.00050909;0.09588;-0.040016
126.5;0.60595;0.19359;-0.077002;0.37432;0;0;0;0;0;0;0;0;0;0;0;0;0;0.096235;-0.04014;0.00050048;0.096327;-0.040232
127;0.60875;0.19462;-0.077421;0.37445;0;0;0;0;0;0;0;0;0;0;0;0;0;0.096673;-0.040302;0.00049759;0.096766;-0.040394
127.5;0.61205;0.19579;-0.077822;0.37459;0;0;0;0;0;0;0;0;0;0;0;0;0;0.097157;-0.040482;0.00050977;0.09725;-0.040575
128;0.61453;0.19661;-0.078157;0.37471;0;0;0;0;0;0;0;0;0;0;0;0;0;0.097527;-0.040658;0.00051681;0.09762;-0.040751
128.5;0.61771;0.19775;-0.078637;0.37483;0;0;0;0;0;0;0;0;0;0;0;0;0;0.098014;-0.040867;0.00051687;0.098108;-0.04096
129;0.62057;0.19879;-0.078983;0.37494;0;0;0;0;0;0;0;0;0;0;0;0;0;0.098451;-0.041046;0.00052017;0.098546;-0.04114
129.5;0.62359;0.19984;-0.079412;0.37507;0;0;0;0;0;0;0;0;0;0;0;0;0;0.0989;-0.041232;0.00052481;0.098995;-0.041328
130;0.62648;0.20083;-0.079721;0.37518;0;0;0;0;0;0;0;0;0;0;0;0;0;0.099343;-0.041412;0.00052577;0.099438;-0.041507
130.5;0.62944;0.20184;-0.080186;0.37531;0;0;0;0;0;0;0;0;0;0;0;0;0;0.099789;-0.041594;0.00052658;0.099884;-0.041689
131;0.63248;0.20291;-0.080495;0.37543;0;0;0;0;0;0;0;0;0;0;0;0;0;0.10025;-0.041774;0.00051996;0.10034;-0.04187
131.5;0.63537;0.20377;-0.080919;0.37556;0;0;0;0;0;0;0;0;0;0;0;0;0;0.10067;-0.041967;0.00053276;0.10077;-0.042064
132;0.63846;0.20488;-0.081309;0.37567;0;0;0;0;0;0;0;0;0;0;0;0;0;0.10114;-0.042158;0.00053814;0.10123;-0.042255
132.5;0.64145;0.20582;-0.081721;0.3758;0;0;0;0;0;0;0;0;0;0;0;0;0;0.10158;-0.042346;0.00053839;0.10168;-0.042443
133;0.64443;0.2069;-0.082175;0.37592;0;0;0;0;0;0;0;0;0;0;0;0;0;0.10203;-0.042532;0.00054837;0.10212;-0.042629
133.5;0.64744;0.20794;-0.082436;0.37604;0;0;0;0;0;0;0;0;0;0;0;0;0;0.10248;-0.042721;0.00054949;0.10258;-0.042819
134;0.65044;0.209;-0.082841;0.37616;0;0;0;0;0;0;0;0;0;0;0;0;0;0.10293;-0.0429;0.00055201;0.10302;-0.042998
134.5;0.65348;0.21005;-0.083257;0.37628;0;0;0;0;0;0;0;0;0;0;0;0;0;0.10338;-0.04309;0.00056023;0.10348;-0.043189
135;0.65643;0.2111;-0.083639;0.37639;0;0;0;0;0;0;0;0;0;0;0;0;0;0.10383;-0.043273;0.00056368;0.10393;-0.043372
135.5;0.6595;0.21212;-0.084039;0.3765;0;0;0;0;0;0;0;0;0;0;0;0;0;0.10428;-0.043459;0.00055947;0.10438;-0.043559
136;0.66262;0.21318;-0.084312;0.37659;0;0;0;0;0;0;0;0;0;0;0;0;0;0.10475;-0.043573;0.0005935;0.10485;-0.043674
136.5;0.66541;0.2142;-0.084786;0.3767;0;0;0;0;0;0;0;0;0;0;0;0;0;0.10517;-0.043821;0.00059132;0.10527;-0.043922
137;0.66844;0.2153;-0.085186;0.3768;0;0;0;0;0;0;0;0;0;0;0;0;0;0.10563;-0.044022;0.0005747;0.10573;-0.044124
137.5;0.67158;0.21642;-0.085573;0.37691;0;0;0;0;0;0;0;0;0;0;0;0;0;0.1061;-0.044178;0.00058306;0.1062;-0.04428
138;0.67454;0.21736;-0.085937;0.37701;0;0;0;0;0;0;0;0;0;0;0;0;0;0.10654;-0.044368;0.0006106;0.10664;-0.044471
138.5;0.67743;0.21844;-0.086297;0.37709;0;0;0;0;0;0;0;0;0;0;0;0;0;0.10698;-0.04457;0.00058772;0.10708;-0.044673
139;0.68041;0.21951;-0.086711;0.37719;0;0;0;0;0;0;0;0;0;0;0;0;0;0.10743;-0.044762;0.00058841;0.10753;-0.044865
139.5;0.68373;0.22059;-0.086967;0.37728;0;0;0;0;0;0;0;0;0;0;0;0;0;0.1079;-0.04493;0.00061749;0.10801;-0.045034
140;0.6863;0.22154;-0.087443;0.37737;0;0;0;0;0;0;0;0;0;0;0;0;0;0.1083;-0.045152;0.00059741;0.1084;-0.045256
140.5;0.68972;0.22273;-0.087795;0.37748;0;0;0;0;0;0;0;0;0;0;0;0;0;0.1088;-0.045318;0.00060971;0.10891;-0.045423
141;0.69259;0.22377;-0.088206;0.37756;0;0;0;0;0;0;0;0;0;0;0;0;0;0.10923;-0.045509;0.00059988;0.10934;-0.045614
141.5;0.69571;0.22483;-0.088529;0.37766;0;0;0;0;0;0;0;0;0;0;0;0;0;0.10969;-0.04568;0.00059898;0.1098;-0.045785
142;0.69877;0.22591;-0.089011;0.37775;0;0;0;0;0;0;0;0;0;0;0;0;0;0.11014;-0.045874;0.00060954;0.11025;-0.04598
142.5;0.70187;0.22707;-0.08938;0.37785;0;0;0;0;0;0;0;0;0;0;0;0;0;0.1106;-0.04606;0.00061199;0.11071;-0.046166
143;0.70452;0.22801;-0.089783;0.37795;0;0;0;0;0;0;0;0;0;0;0;0;0;0.11101;-0.046285;0.0006203;0.11111;-0.046392
143.5;0.70796;0.22927;-0.090186;0.37805;0;0;0;0;0;0;0;0;0;0;0;0;0;0.11151;-0.046448;0.00061735;0.11161;-0.046555
144;0.71109;0.23042;-0.090559;0.37815;0;0;0;0;0;0;0;0;0;0;0;0;0;0.11197;-0.046634;0.00062289;0.11208;-0.046741
144.5;0.71408;0.23149;-0.091006;0.37824;0;0;0;0;0;0;0;0;0;0;0;0;0;0.11242;-0.046834;0.00062438;0.11253;-0.046943
145;0.71763;0.23277;-0.091318;0.37833;0;0;0;0;0;0;0;0;0;0;0;0;0;0.11295;-0.046986;0.00065853;0.11306;-0.047095
145.5;0.72009;0.23363;-0.091848;0.37841;0;0;0;0;0;0;0;0;0;0;0;0;0;0.11332;-0.047214;0.00063524;0.11342;-0.047323
146;0.7236;0.23487;-0.092241;0.3785;0;0;0;0;0;0;0;0;0;0;0;0;0;0.11383;-0.047381;0.00063036;0.11394;-0.04749
146.5;0.72612;0.23588;-0.092607;0.37856;0;0;0;0;0;0;0;0;0;0;0;0;0;0.11423;-0.047579;0.00065136;0.11434;-0.047688
147;0.72945;0.23706;-0.093057;0.37864;0;0;0;0;0;0;0;0;0;0;0;0;0;0.1147;-0.047746;0.00063886;0.11481;-0.047855
147.5;0.73222;0.23807;-0.0934;0.37872;0;0;0;0;0;0;0;0;0;0;0;0;0;0.11511;-0.047911;0.00062338;0.11522;-0.048021
148;0.73529;0.23927;-0.093858;0.3788;0;0;0;0;0;0;0;0;0;0;0;0;0;0.11558;-0.048132;0.00064162;0.11569;-0.048243
148.5;0.73868;0.24045;-0.094299;0.37887;0;0;0;0;0;0;0;0;0;0;0;0;0;0.11606;-0.048309;0.00064154;0.11617;-0.04842
149;0.74174;0.2417;-0.094599;0.37895;0;0;0;0;0;0;0;0;0;0;0;0;0;0.11653;-0.048488;0.00065501;0.11664;-0.048599
149.5;0.74488;0.2428;-0.095042;0.37903;0;0;0;0;0;0;0;0;0;0;0;0;0;0.11699;-0.048704;0.00065481;0.1171;-0.048816
150;0.74793;0.2439;-0.095413;0.37909;0;0;0;0;0;0;0;0;0;0;0;0;0;0.11745;-0.048883;0.00065571;0.11756;-0.048996
150.5;0.75114;0.2451;-0.095883;0.37916;0;0;0;0;0;0;0;0;0;0;0;0;0;0.11792;-0.049084;0.00066649;0.11803;-0.049196
151;0.75432;0.24628;-0.096294;0.37924;0;0;0;0;0;0;0;0;0;0;0;0;0;0.11838;-0.049272;0.00067204;0.11849;-0.049385
151.5;0.75741;0.2474;-0.096651;0.3793;0;0;0;0;0;0;0;0;0;0;0;0;0;0.11883;-0.049459;0.00067345;0.11895;-0.049572
152;0.76044;0.24861;-0.097132;0.37937;0;0;0;0;0;0;0;0;0;0;0;0;0;0.11929;-0.049656;0.00068072;0.1194;-0.049771
152.5;0.76361;0.24978;-0.097526;0.37945;0;0;0;0;0;0;0;0;0;0;0;0;0;0.11975;-0.049857;0.00067567;0.11986;-0.049971
153;0.76687;0.251;-0.097914;0.3795;0;0;0;0;0;0;0;0;0;0;0;0;0;0.12022;-0.050039;0.00067992;0.12033;-0.050154
153.5;0.77011;0.25228;-0.098338;0.37956;0;0;0;0;0;0;0;0;0;0;0;0;0;0.12069;-0.050238;0.00068424;0.1208;-0.050354
154;0.77302;0.25339;-0.098776;0.37963;0;0;0;0;0;0;0;0;0;0;0;0;0;0.12113;-0.050417;0.00068351;0.12124;-0.050532
154.5;0.77616;0.25452;-0.09927;0.3797;0;0;0;0;0;0;0;0;0;0;0;0;0;0.12159;-0.050612;0.00068865;0.12171;-0.050728
155;0.77936;0.25572;-0.099654;0.37975;0;0;0;0;0;0;0;0;0;0;0;0;0;0.12205;-0.050799;0.00068921;0.12217;-0.050916
155.5;0.78254;0.25693;-0.10004;0.37981;0;0;0;0;0;0;0;0;0;0;0;0;0;0.12252;-0.050987;0.00069704;0.12263;-0.051104
156;0.78556;0.25809;-0.10046;0.37987;0;0;0;0;0;0;0;0;0;0;0;0;0;0.12298;-0.051181;0.00070039;0.12309;-0.051298
156.5;0.78875;0.25935;-0.10095;0.37993;0;0;0;0;0;0;0;0;0;0;0;0;0;0.12344;-0.051364;0.0007052;0.12355;-0.051481
157;0.7919;0.26054;-0.10139;0.37998;0;0;0;0;0;0;0;0;0;0;0;0;0;0.1239;-0.051559;0.00070691;0.12402;-0.051677
157.5;0.79508;0.26178;-0.10186;0.38003;0;0;0;0;0;0;0;0;0;0;0;0;0;0.12436;-0.051754;0.00071448;0.12448;-0.051872
158;0.79827;0.26295;-0.10228;0.38009;0;0;0;0;0;0;0;0;0;0;0;0;0;0.12483;-0.051939;0.00071277;0.12495;-0.052058
158.5;0.80142;0.26421;-0.10274;0.38014;0;0;0;0;0;0;0;0;0;0;0;0;0;0.12529;-0.05212;0.00071552;0.12541;-0.052239
159;0.80466;0.2655;-0.10315;0.38021;0;0;0;0;0;0;0;0;0;0;0;0;0;0.12577;-0.052328;0.00072693;0.12589;-0.052448
159.5;0.80794;0.2667;-0.10365;0.38027;0;0;0;0;0;0;0;0;0;0;0;0;0;0.12623;-0.052487;0.000723;0.12635;-0.052608
160;0.81097;0.26786;-0.10413;0.38032;0;0;0;0;0;0;0;0;0;0;0;0;0;0.12668;-0.052721;0.0007227;0.1268;-0.052841
160.5;0.81404;0.26908;-0.10451;0.38038;0;0;0;0;0;0;0;0;0;0;0;0;0;0.12714;-0.052897;0.00072671;0.12726;-0.053018
161;0.81725;0.27033;-0.10502;0.38042;0;0;0;0;0;0;0;0;0;0;0;0;0;0.1276;-0.053101;0.0007246;0.12773;-0.053223
161.5;0.82051;0.27157;-0.10535;0.38046;0;0;0;0;0;0;0;0;0;0;0;0;0;0.12808;-0.053296;0.00073247;0.12821;-0.053417
162;0.824;0.27279;-0.1058;0.38049;0;0;0;0;0;0;0;0;0;0;0;0;0;0.12858;-0.053478;0.00074162;0.1287;-0.0536
162.5;0.82704;0.27398;-0.10619;0.38054;0;0;0;0;0;0;0;0;0;0;0;0;0;0.12903;-0.053664;0.00074885;0.12915;-0.053786
163;0.83032;0.27543;-0.10661;0.38058;0;0;0;0;0;0;0;0;0;0;0;0;0;0.12951;-0.053862;0.00075244;0.12963;-0.053985
163.5;0.83368;0.27657;-0.10708;0.38064;0;0;0;0;0;0;0;0;0;0;0;0;0;0.12999;-0.054051;0.00075789;0.13011;-0.054174
164;0.83673;0.27785;-0.10745;0.38068;0;0;0;0;0;0;0;0;0;0;0;0;0;0.13044;-0.054244;0.00075663;0.13056;-0.054368
164.5;0.84;0.27915;-0.1079;0.38073;0;0;0;0;0;0;0;0;0;0;0;0;0;0.13092;-0.054442;0.00075399;0.13104;-0.054566
165;0.84342;0.28052;-0.10834;0.3808;0;0;0;0;0;0;0;0;0;0;0;0;0;0.13141;-0.054622;0.00076104;0.13153;-0.054746
165.5;0.84645;0.28176;-0.10888;0.38085;0;0;0;0;0;0;0;0;0;0;0;0;0;0.13183;-0.054835;0.00077981;0.13196;-0.054959
166;0.84969;0.283;-0.10921;0.38092;0;0;0;0;0;0;0;0;0;0;0;0;0;0.13231;-0.055002;0.00079477;0.13244;-0.055127
166.5;0.85286;0.28438;-0.10984;0.38097;0;0;0;0;0;0;0;0;0;0;0;0;0;0.13278;-0.055221;0.00076774;0.1329;-0.055346
167;0.85634;0.28573;-0.11037;0.38102;0;0;0;0;0;0;0;0;0;0;0;0;0;0.13328;-0.055428;0.00077671;0.1334;-0.055553
167.5;0.85953;0.28702;-0.11087;0.38105;0;0;0;0;0;0;0;0;0;0;0;0;0;0.13376;-0.055608;0.00078157;0.13388;-0.055734
168;0.86259;0.28829;-0.11139;0.3811;0;0;0;0;0;0;0;0;0;0;0;0;0;0.13418;-0.055825;0.00077774;0.13431;-0.055952
168.5;0.86644;0.28982;-0.1119;0.38114;0;0;0;0;0;0;0;0;0;0;0;0;0;0.13475;-0.055991;0.00078087;0.13488;-0.056118
169;0.86919;0.29112;-0.11234;0.38117;0;0;0;0;0;0;0;0;0;0;0;0;0;0.13517;-0.056199;0.00078865;0.1353;-0.056326
169.5;0.87235;0.29244;-0.11292;0.38121;0;0;0;0;0;0;0;0;0;0;0;0;0;0.13562;-0.056391;0.00080059;0.13575;-0.056519
170;0.87576;0.29377;-0.11339;0.38122;0;0;0;0;0;0;0;0;0;0;0;0;0;0.1361;-0.056594;0.00079457;0.13623;-0.056722
170.5;0.879;0.29511;-0.11373;0.38124;0;0;0;0;0;0;0;0;0;0;0;0;0;0.13657;-0.056769;0.00079506;0.1367;-0.056898
171;0.8823;0.29651;-0.11428;0.38127;0;0;0;0;0;0;0;0;0;0;0;0;0;0.13705;-0.056962;0.00080312;0.13718;-0.057091
171.5;0.88566;0.29791;-0.11479;0.3813;0;0;0;0;0;0;0;0;0;0;0;0;0;0.13753;-0.057154;0.00080572;0.13766;-0.057283
172;0.88889;0.29931;-0.11528;0.38133;0;0;0;0;0;0;0;0;0;0;0;0;0;0.13801;-0.057356;0.00081294;0.13814;-0.057485
172.5;0.89214;0.30071;-0.11576;0.38135;0;0;0;0;0;0;0;0;0;0;0;0;0;0.1385;-0.057553;0.00080679;0.13863;-0.057684
173;0.89546;0.30205;-0.11628;0.38138;0;0;0;0;0;0;0;0;0;0;0;0;0;0.13897;-0.057747;0.0008178;0.1391;-0.057877
173.5;0.89883;0.30356;-0.11669;0.38141;0;0;0;0;0;0;0;0;0;0;0;0;0;0.13945;-0.057933;0.00081889;0.13958;-0.058064
174;0.90191;0.30491;-0.11722;0.38143;0;0;0;0;0;0;0;0;0;0;0;0;0;0.1399;-0.058149;0.0008097;0.14003;-0.058281
174.5;0.90541;0.30643;-0.11772;0.38146;0;0;0;0;0;0;0;0;0;0;0;0;0;0.1404;-0.058339;0.00082859;0.14053;-0.058471
175;0.90879;0.30797;-0.11814;0.38147;0;0;0;0;0;0;0;0;0;0;0;0;0;0.14088;-0.058513;0.00082638;0.14101;-0.058645
175.5;0.91212;0.30935;-0.11869;0.38149;0;0;0;0;0;0;0;0;0;0;0;0;0;0.14137;-0.058727;0.00083012;0.1415;-0.058859
176;0.91548;0.31082;-0.11915;0.3815;0;0;0;0;0;0;0;0;0;0;0;0;0;0.14185;-0.058912;0.00083516;0.14198;-0.059045
176.5;0.91875;0.31226;-0.1198;0.38152;0;0;0;0;0;0;0;0;0;0;0;0;0;0.14233;-0.059119;0.00084391;0.14246;-0.059253
177;0.92212;0.31372;-0.12029;0.38154;0;0;0;0;0;0;0;0;0;0;0;0;0;0.1428;-0.059306;0.00084052;0.14294;-0.059439
177.5;0.92545;0.31513;-0.12083;0.38156;0;0;0;0;0;0;0;0;0;0;0;0;0;0.14329;-0.059501;0.00083402;0.14342;-0.059635
178;0.92874;0.31665;-0.12141;0.38158;0;0;0;0;0;0;0;0;0;0;0;0;0;0.14375;-0.059726;0.00085007;0.14389;-0.05986
178.5;0.93215;0.31818;-0.12196;0.38159;0;0;0;0;0;0;0;0;0;0;0;0;0;0.14424;-0.059904;0.00084663;0.14438;-0.060039
179;0.93567;0.31963;-0.12249;0.38161;0;0;0;0;0;0;0;0;0;0;0;0;0;0.14474;-0.060099;0.00085476;0.14487;-0.060235
179.5;0.93905;0.32118;-0.12305;0.38163;0;0;0;0;0;0;0;0;0;0;0;0;0;0.14522;-0.060289;0.00084758;0.14536;-0.060425
180;0.94237;0.32268;-0.12364;0.38164;0;0;0;0;0;0;0;0;0;0;0;0;0;0.1457;-0.060498;0.00085859;0.14584;-0.060634
180.5;0.94576;0.32421;-0.12425;0.38164;0;0;0;0;0;0;0;0;0;0;0;0;0;0.14618;-0.060704;0.00086067;0.14632;-0.06084
181;0.94909;0.32575;-0.12482;0.38165;0;0;0;0;0;0;0;0;0;0;0;0;0;0.14666;-0.060903;0.00086205;0.14679;-0.06104
181.5;0.9525;0.32732;-0.12542;0.38166;0;0;0;0;0;0;0;0;0;0;0;0;0;0.14715;-0.061107;0.00085801;0.14728;-0.061245
182;0.95593;0.32894;-0.12588;0.38166;0;0;0;0;0;0;0;0;0;0;0;0;0;0.14764;-0.061265;0.00086445;0.14777;-0.061403
182.5;0.95935;0.33048;-0.12655;0.38167;0;0;0;0;0;0;0;0;0;0;0;0;0;0.14812;-0.061489;0.00087024;0.14826;-0.061627
183;0.96267;0.33206;-0.12717;0.38168;0;0;0;0;0;0;0;0;0;0;0;0;0;0.14861;-0.061707;0.00087654;0.14875;-0.061846
183.5;0.96619;0.33372;-0.12766;0.38169;0;0;0;0;0;0;0;0;0;0;0;0;0;0.1491;-0.061883;0.0008686;0.14924;-0.062022
184;0.96962;0.3354;-0.12826;0.3817;0;0;0;0;0;0;0;0;0;0;0;0;0;0.14959;-0.062086;0.00087504;0.14973;-0.062226
184.5;0.97323;0.33693;-0.12883;0.3817;0;0;0;0;0;0;0;0;0;0;0;0;0;0.15009;-0.062282;0.00087668;0.15023;-0.062422
185;0.97661;0.33859;-0.1295;0.3817;0;0;0;0;0;0;0;0;0;0;0;0;0;0.15057;-0.062477;0.0008832;0.15071;-0.062618
185.5;0.97973;0.34024;-0.13007;0.3817;0;0;0;0;0;0;0;0;0;0;0;0;0;0.15102;-0.062678;0.00088653;0.15117;-0.062819
186;0.9833;0.34187;-0.13076;0.3817;0;0;0;0;0;0;0;0;0;0;0;0;0;0.15153;-0.062874;0.00089096;0.15167;-0.063015
186.5;0.98703;0.34368;-0.13144;0.38169;0;0;0;0;0;0;0;0;0;0;0;0;0;0.15205;-0.063075;0.0008985;0.15219;-0.063217
187;0.99031;0.3454;-0.13204;0.38169;0;0;0;0;0;0;0;0;0;0;0;0;0;0.15253;-0.063276;0.00090109;0.15267;-0.063419
187.5;0.99372;0.34704;-0.13271;0.38168;0;0;0;0;0;0;0;0;0;0;0;0;0;0.153;-0.063475;0.00091024;0.15314;-0.063618
188;0.99735;0.3488;-0.13343;0.38168;0;0;0;0;0;0;0;0;0;0;0;0;0;0.15351;-0.06368;0.00090881;0.15365;-0.063824
188.5;1.0008;0.35061;-0.13411;0.38168;0;0;0;0;0;0;0;0;0;0;0;0;0;0.154;-0.063874;0.00092023;0.15415;-0.064018
189;1.0043;0.35228;-0.13482;0.38167;0;0;0;0;0;0;0;0;0;0;0;0;0;0.15449;-0.064085;0.00091831;0.15463;-0.06423
189.5;1.0078;0.3542;-0.13549;0.38167;0;0;0;0;0;0;0;0;0;0;0;0;0;0.15498;-0.064297;0.00092868;0.15513;-0.064442
190;1.0112;0.35591;-0.13613;0.38166;0;0;0;0;0;0;0;0;0;0;0;0;0;0.15546;-0.064495;0.00092844;0.15561;-0.06464
190.5;1.0148;0.35774;-0.13681;0.38166;0;0;0;0;0;0;0;0;0;0;0;0;0;0.15596;-0.064695;0.00093105;0.15611;-0.064841
191;1.0185;0.35971;-0.13753;0.38165;0;0;0;0;0;0;0;0;0;0;0;0;0;0.15648;-0.064899;0.00094347;0.15663;-0.065046
191.5;1.0219;0.36161;-0.13827;0.38165;0;0;0;0;0;0;0;0;0;0;0;0;0;0.15696;-0.065107;0.00093651;0.15711;-0.065254
192;1.0254;0.36347;-0.13895;0.38165;0;0;0;0;0;0;0;0;0;0;0;0;0;0.15746;-0.065313;0.00094847;0.15761;-0.065461
192.5;1.0288;0.3653;-0.13971;0.38165;0;0;0;0;0;0;0;0;0;0;0;0;0;0.15795;-0.065511;0.00094916;0.1581;-0.065659
193;1.0324;0.36724;-0.14048;0.38164;0;0;0;0;0;0;0;0;0;0;0;0;0;0.15845;-0.065708;0.00095682;0.1586;-0.065856
193.5;1.036;0.36929;-0.14115;0.38162;0;0;0;0;0;0;0;0;0;0;0;0;0;0.15896;-0.06591;0.00095337;0.1591;-0.066059
194;1.0397;0.37131;-0.142;0.38162;0;0;0;0;0;0;0;0;0;0;0;0;0;0.15947;-0.066101;0.00096369;0.15962;-0.066251
194.5;1.0433;0.3733;-0.1427;0.3816;0;0;0;0;0;0;0;0;0;0;0;0;0;0.15996;-0.066308;0.00096123;0.16011;-0.066457
195;1.0468;0.37537;-0.14348;0.38158;0;0;0;0;0;0;0;0;0;0;0;0;0;0.16046;-0.066523;0.0009693;0.16061;-0.066672
195.5;1.0503;0.37733;-0.14424;0.38155;0;0;0;0;0;0;0;0;0;0;0;0;0;0.16095;-0.066691;0.00096408;0.1611;-0.066842
196;1.0539;0.37939;-0.14504;0.38152;0;0;0;0;0;0;0;0;0;0;0;0;0;0.16143;-0.066924;0.00098826;0.16159;-0.067075
196.5;1.0578;0.3816;-0.14569;0.38148;0;0;0;0;0;0;0;0;0;0;0;0;0;0.16198;-0.067115;0.0009737;0.16213;-0.067267
197;1.0613;0.38365;-0.14652;0.38146;0;0;0;0;0;0;0;0;0;0;0;0;0;0.16245;-0.067331;0.00099778;0.16261;-0.067484
197.5;1.0651;0.38593;-0.14739;0.38145;0;0;0;0;0;0;0;0;0;0;0;0;0;0.16298;-0.067539;0.00098802;0.16314;-0.067692
198;1.0687;0.38811;-0.14823;0.38143;0;0;0;0;0;0;0;0;0;0;0;0;0;0.16348;-0.067751;0.00098822;0.16363;-0.067904
198.5;1.0724;0.39038;-0.14907;0.38141;0;0;0;0;0;0;0;0;0;0;0;0;0;0.16399;-0.067952;0.00099549;0.16414;-0.068106
199;1.076;0.39262;-0.14987;0.3814;0;0;0;0;0;0;0;0;0;0;0;0;0;0.16448;-0.068163;0.00099037;0.16464;-0.068318
199.5;1.0797;0.39494;-0.15082;0.38138;0;0;0;0;0;0;0;0;0;0;0;0;0;0.16499;-0.068367;0.0010042;0.16515;-0.068523
200;1.0835;0.39735;-0.1517;0.38137;0;0;0;0;0;0;0;0;0;0;0;0;0;0.16551;-0.068568;0.001008;0.16566;-0.068724
200.5;1.087;0.39959;-0.15247;0.38137;0;0;0;0;0;0;0;0;0;0;0;0;0;0.166;-0.068764;0.00099955;0.16616;-0.068921
201;1.0906;0.40195;-0.15345;0.38136;0;0;0;0;0;0;0;0;0;0;0;0;0;0.16649;-0.068975;0.0010116;0.16665;-0.069132
201.5;1.0943;0.40434;-0.15434;0.38134;0;0;0;0;0;0;0;0;0;0;0;0;0;0.167;-0.069176;0.0010091;0.16716;-0.069334
202;1.0979;0.40691;-0.15516;0.38133;0;0;0;0;0;0;0;0;0;0;0;0;0;0.1675;-0.069387;0.0010118;0.16766;-0.069544
202.5;1.1018;0.40943;-0.15622;0.38132;0;0;0;0;0;0;0;0;0;0;0;0;0;0.16803;-0.069613;0.0010207;0.16819;-0.069772
203;1.1055;0.41205;-0.1572;0.3813;0;0;0;0;0;0;0;0;0;0;0;0;0;0.16855;-0.069807;0.0010061;0.16871;-0.069966
203.5;1.1092;0.41459;-0.15821;0.38128;0;0;0;0;0;0;0;0;0;0;0;0;0;0.16904;-0.070017;0.0010268;0.1692;-0.070176
204;1.1131;0.41727;-0.1592;0.38127;0;0;0;0;0;0;0;0;0;0;0;0;0;0.16956;-0.070203;0.0010312;0.16972;-0.070363
204.5;1.1168;0.41994;-0.16033;0.38125;0;0;0;0;0;0;0;0;0;0;0;0;0;0.17006;-0.070407;0.0010259;0.17022;-0.070567
205;1.1204;0.42254;-0.1616;0.38124;0;0;0;0;0;0;0;0;0;0;0;0;0;0.17055;-0.070609;0.0010261;0.17071;-0.07077
205.5;1.1242;0.42532;-0.16266;0.38122;0;0;0;0;0;0;0;0;0;0;0;0;0;0.17107;-0.070839;0.0010417;0.17123;-0.071
206;1.1282;0.42815;-0.16387;0.38119;0;0;0;0;0;0;0;0;0;0;0;0;0;0.17162;-0.071;0.0010408;0.17178;-0.071162
206.5;1.1316;0.43089;-0.16506;0.38117;0;0;0;0;0;0;0;0;0;0;0;0;0;0.17206;-0.071228;0.0010376;0.17222;-0.071391
207;1.1357;0.43387;-0.1662;0.38115;0;0;0;0;0;0;0;0;0;0;0;0;0;0.17261;-0.071426;0.0010548;0.17277;-0.071589
207.5;1.1395;0.43675;-0.16751;0.38113;0;0;0;0;0;0;0;0;0;0;0;0;0;0.17313;-0.071636;0.0010573;0.1733;-0.0718
208;1.1433;0.4397;-0.16875;0.38111;0;0;0;0;0;0;0;0;0;0;0;0;0;0.17364;-0.071822;0.0010626;0.1738;-0.071987
208.5;1.1472;0.44278;-0.17007;0.38109;0;0;0;0;0;0;0;0;0;0;0;0;0;0.17416;-0.072037;0.001057;0.17432;-0.072202
209;1.1508;0.44582;-0.17152;0.38106;0;0;0;0;0;0;0;0;0;0;0;0;0;0.17465;-0.072276;0.0010611;0.17482;-0.072442
209.5;1.1548;0.44901;-0.1727;0.38104;0;0;0;0;0;0;0;0;0;0;0;0;0;0.17518;-0.072466;0.0010742;0.17535;-0.072632
210;1.1588;0.45216;-0.17405;0.38101;0;0;0;0;0;0;0;0;0;0;0;0;0;0.1757;-0.072645;0.0010744;0.17587;-0.072813
210.5;1.1632;0.45556;-0.17533;0.38099;0;0;0;0;0;0;0;0;0;0;0;0;0;0.17629;-0.072831;0.0010764;0.17646;-0.072999
211;1.1664;0.4586;-0.17674;0.38097;0;0;0;0;0;0;0;0;0;0;0;0;0;0.17671;-0.073017;0.0010512;0.17688;-0.073185
211.5;1.1702;0.46178;-0.17811;0.38093;0;0;0;0;0;0;0;0;0;0;0;0;0;0.17721;-0.073266;0.0010651;0.17738;-0.073434
212;1.1741;0.46527;-0.1796;0.3809;0;0;0;0;0;0;0;0;0;0;0;0;0;0.17773;-0.073502;0.001077;0.1779;-0.073671
212.5;1.1781;0.46862;-0.18103;0.38087;0;0;0;0;0;0;0;0;0;0;0;0;0;0.17827;-0.073657;0.0010926;0.17843;-0.073827
213;1.182;0.47197;-0.18247;0.38083;0;0;0;0;0;0;0;0;0;0;0;0;0;0.17875;-0.073845;0.0010976;0.17892;-0.074015
213.5;1.1858;0.47538;-0.18415;0.3808;0;0;0;0;0;0;0;0;0;0;0;0;0;0.17926;-0.074067;0.0010914;0.17943;-0.074237
214;1.1898;0.47902;-0.18571;0.38076;0;0;0;0;0;0;0;0;0;0;0;0;0;0.17978;-0.074278;0.0010941;0.17995;-0.074448
214.5;1.1937;0.48255;-0.18733;0.38072;0;0;0;0;0;0;0;0;0;0;0;0;0;0.18029;-0.074484;0.0011002;0.18046;-0.074655
215;1.1977;0.48614;-0.18902;0.38066;0;0;0;0;0;0;0;0;0;0;0;0;0;0.1808;-0.074672;0.0010995;0.18098;-0.074843
215.5;1.2017;0.48974;-0.19072;0.38062;0;0;0;0;0;0;0;0;0;0;0;0;0;0.18132;-0.074855;0.0011137;0.18149;-0.075027
216;1.2055;0.49342;-0.19238;0.38057;0;0;0;0;0;0;0;0;0;0;0;0;0;0.18182;-0.075053;0.0011098;0.182;-0.075226
216.5;1.2095;0.49711;-0.1942;0.38051;0;0;0;0;0;0;0;0;0;0;0;0;0;0.18233;-0.075262;0.0011234;0.18251;-0.075435
217;1.2136;0.50099;-0.19609;0.38046;0;0;0;0;0;0;0;0;0;0;0;0;0;0.18285;-0.075453;0.0011179;0.18302;-0.075627
217.5;1.2174;0.50465;-0.19803;0.3804;0;0;0;0;0;0;0;0;0;0;0;0;0;0.18332;-0.075664;0.001115;0.18349;-0.075839
218;1.2215;0.50856;-0.19988;0.38032;0;0;0;0;0;0;0;0;0;0;0;0;0;0.18385;-0.075861;0.0011174;0.18403;-0.076036
218.5;1.2254;0.51235;-0.20175;0.38022;0;0;0;0;0;0;0;0;0;0;0;0;0;0.18435;-0.076036;0.0011255;0.18452;-0.076212
219;1.2297;0.51639;-0.2037;0.38015;0;0;0;0;0;0;0;0;0;0;0;0;0;0.18489;-0.076223;0.0011279;0.18507;-0.076399
219.5;1.2336;0.52028;-0.20573;0.38004;0;0;0;0;0;0;0;0;0;0;0;0;0;0.18538;-0.07641;0.0011111;0.18555;-0.076586
220;1.2387;0.52465;-0.20788;0.37991;0;0;0;0;0;0;0;0;0;0;0;0;0;0.18601;-0.076571;0.0011381;0.18619;-0.076747
220.5;1.2419;0.52837;-0.20999;0.37977;0;0;0;0;0;0;0;0;0;0;0;0;0;0.1864;-0.076782;0.001129;0.18658;-0.076959
221;1.246;0.53248;-0.21206;0.37961;0;0;0;0;0;0;0;0;0;0;0;0;0;0.18693;-0.076991;0.0011348;0.1871;-0.077168
221.5;1.2499;0.53642;-0.21434;0.37945;0;0;0;0;0;0;0;0;0;0;0;0;0;0.18742;-0.077179;0.0011253;0.1876;-0.077357
222;1.2541;0.54043;-0.21654;0.37924;0;0;0;0;0;0;0;0;0;0;0;0;0;0.18793;-0.077371;0.0011299;0.18811;-0.077549
222.5;1.2583;0.54467;-0.21892;0.37902;0;0;0;0;0;0;0;0;0;0;0;0;0;0.18844;-0.077574;0.0011342;0.18862;-0.077753
223;1.2624;0.54879;-0.22116;0.37875;0;0;0;0;0;0;0;0;0;0;0;0;0;0.18893;-0.077762;0.0011263;0.18911;-0.077941
223.5;1.2666;0.55296;-0.22348;0.37845;0;0;0;0;0;0;0;0;0;0;0;0;0;0.18943;-0.077936;0.001126;0.18961;-0.078115
224;1.2707;0.55718;-0.22589;0.37817;0;0;0;0;0;0;0;0;0;0;0;0;0;0.18993;-0.078113;0.0011112;0.19011;-0.078292
224.5;1.2751;0.56133;-0.22822;0.37782;0;0;0;0;0;0;0;0;0;0;0;0;0;0.19046;-0.078299;0.001133;0.19065;-0.078479
225;1.2791;0.56552;-0.23053;0.37744;0;0;0;0;0;0;0;0;0;0;0;0;0;0.19095;-0.078469;0.001124;0.19113;-0.078649
225.5;1.2834;0.56981;-0.23297;0.37703;0;0;0;0;0;0;0;0;0;0;0;0;0;0.19146;-0.078657;0.001127;0.19164;-0.078838
226;1.2876;0.57415;-0.23528;0.37664;0;0;0;0;0;0;0;0;0;0;0;0;0;0.19196;-0.078837;0.0011297;0.19214;-0.079018
226.5;1.2918;0.57835;-0.23763;0.37617;0;0;0;0;0;0;0;0;0;0;0;0;0;0.19245;-0.079017;0.0011278;0.19264;-0.079198
227;1.296;0.58248;-0.24009;0.37567;0;0;0;0;0;0;0;0;0;0;0;0;0;0.19293;-0.079197;0.0011156;0.19312;-0.079379
227.5;1.3004;0.5869;-0.24258;0.37518;0;0;0;0;0;0;0;0;0;0;0;0;0;0.19345;-0.079342;0.0011239;0.19363;-0.079525
228;1.3045;0.59107;-0.24537;0.37461;0;0;0;0;0;0;0;0;0;0;0;0;0;0.19394;-0.079524;0.0011192;0.19412;-0.079707
228.5;1.3087;0.59541;-0.248;0.37404;0;0;0;0;0;0;0;0;0;0;0;0;0;0.19442;-0.079681;0.0011154;0.1946;-0.079864
229;1.313;0.59968;-0.25052;0.3734;0;0;0;0;0;0;0;0;0;0;0;0;0;0.19491;-0.079826;0.0011059;0.19509;-0.08001
229.5;1.3174;0.60403;-0.25324;0.37276;0;0;0;0;0;0;0;0;0;0;0;0;0;0.1954;-0.079977;0.0011035;0.19559;-0.080161
230;1.3215;0.60826;-0.25579;0.37205;0;0;0;0;0;0;0;0;0;0;0;0;0;0.19588;-0.080161;0.0010991;0.19606;-0.080345
230.5;1.3259;0.61265;-0.2584;0.37127;0;0;0;0;0;0;0;0;0;0;0;0;0;0.19636;-0.080315;0.0010924;0.19654;-0.0805
231;1.3302;0.61708;-0.26087;0.3705;0;0;0;0;0;0;0;0;0;0;0;0;0;0.19686;-0.080458;0.0010981;0.19704;-0.080643
231.5;1.3346;0.62151;-0.26353;0.36969;0;0;0;0;0;0;0;0;0;0;0;0;0;0.19732;-0.080629;0.0010722;0.1975;-0.080814
232;1.3389;0.62596;-0.26597;0.36876;0;0;0;0;0;0;0;0;0;0;0;0;0;0.1978;-0.080759;0.0010723;0.19799;-0.080944
232.5;1.3432;0.63036;-0.26857;0.36777;0;0;0;0;0;0;0;0;0;0;0;0;0;0.19828;-0.080866;0.0010666;0.19846;-0.081052
233;1.3476;0.63479;-0.27141;0.36689;0;0;0;0;0;0;0;0;0;0;0;0;0;0.19875;-0.081055;0.0010528;0.19894;-0.081242
233.5;1.3521;0.63925;-0.27413;0.36578;0;0;0;0;0;0;0;0;0;0;0;0;0;0.19922;-0.081204;0.0010415;0.19941;-0.08139
234;1.3564;0.64365;-0.27666;0.36458;0;0;0;0;0;0;0;0;0;0;0;0;0;0.19969;-0.081352;0.0010318;0.19987;-0.081539
234.5;1.3609;0.64819;-0.27926;0.36332;0;0;0;0;0;0;0;0;0;0;0;0;0;0.20015;-0.081481;0.0010173;0.20034;-0.081668
235;1.3653;0.65281;-0.28175;0.36208;0;0;0;0;0;0;0;0;0;0;0;0;0;0.20061;-0.081642;0.00099889;0.2008;-0.081829
235.5;1.3697;0.65751;-0.28438;0.36066;0;0;0;0;0;0;0;0;0;0;0;0;0;0.20106;-0.081763;0.00098071;0.20125;-0.081951
236;1.375;0.66242;-0.28672;0.35925;0;0;0;0;0;0;0;0;0;0;0;0;0;0.20162;-0.081859;0.00097302;0.20181;-0.082047
236.5;1.3792;0.66697;-0.28936;0.35774;0;0;0;0;0;0;0;0;0;0;0;0;0;0.20201;-0.082019;0.00094716;0.2022;-0.082207
237;1.3838;0.67177;-0.29222;0.35597;0;0;0;0;0;0;0;0;0;0;0;0;0;0.20246;-0.082149;0.0009269;0.20265;-0.082338
237.5;1.3885;0.67675;-0.29496;0.35406;0;0;0;0;0;0;0;0;0;0;0;0;0;0.20292;-0.082262;0.00090593;0.20311;-0.082451
238;1.3935;0.68167;-0.29769;0.35233;0;0;0;0;0;0;0;0;0;0;0;0;0;0.20339;-0.082367;0.00088596;0.20358;-0.082557
238.5;1.3985;0.68701;-0.30054;0.35012;0;0;0;0;0;0;0;0;0;0;0;0;0;0.20386;-0.082503;0.00084583;0.20405;-0.082693
239;1.4036;0.69236;-0.3032;0.34768;0;0;0;0;0;0;0;0;0;0;0;0;0;0.20433;-0.082636;0.00081722;0.20452;-0.082827
239.5;1.4088;0.69778;-0.30585;0.3452;0;0;0;0;0;0;0;0;0;0;0;0;0;0.2048;-0.08272;0.00078817;0.20499;-0.082911
240;1.4142;0.70352;-0.30863;0.34224;0;0;0;0;0;0;0;0;0;0;0;0;0;0.20527;-0.082819;0.00075691;0.20546;-0.083011
240.5;1.4202;0.70968;-0.31183;0.33917;0;0;0;0;0;0;0;0;0;0;0;0;0;0.20578;-0.082932;0.00071607;0.20598;-0.083125
241;1.4269;0.71695;-0.31525;0.33503;0;0;0;0;0;0;0;0;0;0;0;0;0;0.20634;-0.08303;0.00065336;0.20653;-0.083223
241.5;NaN;NaN;NaN;0.3028;0;0;0;0;0;0;0;0;0;0;0;0;0;0.21995;-0.089386;0.0016775;0.22008;-0.089515
242;NaN;NaN;NaN;0.2649;0;0;0;0;0;0;0;0;0;0;0;0;0;0;0;0;0;0
242.5;NaN;NaN;NaN;0.22047;0;0;0;0;0;0;0;0;0;0;0;0;0;0;0;0;0;0
243;NaN;NaN;NaN;0.17648;0;0;0;0;0;0;0;0;0;0;0;0;0;0;0;0;0;0
243.5;NaN;NaN;NaN;0.1363;0;0;0;0;0;0;0;0;0;0;0;0;0;0;0;0;0;0
244;NaN;NaN;NaN;0.093316;0;0;0;0;0;0;0;0;0;0;0;0;0;0;0;0;0;0
244.5;NaN;NaN;NaN;0.054204;0;0;0;0;0;0;0;0;0;0;0;0;0;0;0;0;0;0
245;NaN;NaN;NaN;0.012613;0;0;0;0;0;0;0;0;0;0;0;0;0;0;0;0;0;0
245.5;NaN;NaN;NaN;4.9e-05;0;0;0;0;0;0;0;0;0;0;0;0;0;0;0;0;0;0
