Date of Test;Material;Sample Geometry;Orientation [°];Test Number;Nominal Speed [mm/min];Thickness [mm];Central Width [mm];Gauge Width / Diameter [mm];Pixel to mm ratio [mm/px];Extensometer 1-4 [mm];Extensometer 2-3 [mm];Extensometer 5-6 [mm];;;;;
09/07/21;DP600Large;NT6;00;2;0.0798;0.28843;2;4;0;6;0.2;0.4;;;;;
;;;;;;;;;;;;;;;;;
Time [s];U1 [mm];U2 [mm];U3 [mm];Force [kN];Ambient Temperature [°C];DIC Zone X 1 [px];DIC Zone Y 1 [px];DIC Zone X 2 [px];DIC Zone Y 2 [px];DIC Zone X 3 [px];DIC Zone Y 3 [px];DIC Zone X 4 [px];DIC Zone Y 4 [px];DIC Zone X 5 [px];DIC Zone Y 5 [px];DIC Zone X 6 [px];DIC Zone Y 6 [px]
0;0;0;0;0.0001862;0;0;0;0;0;0;0;0;0;0;0;0;0
0.5;-3.0774e-05;-7.8832e-05;-5.8396e-05;0.0001862;0;0;0;0;0;0;0;0;0;0;0;0;0
1;-0.00016888;-9.1115e-05;-6.3835e-05;0.000196;0;0;0;0;0;0;0;0;0;0;0;0;0
1.5;0.00034503;-2.6239e-05;1.9457e-05;0.0002254;0;0;0;0;0;0;0;0;0;0;0;0;0
2;-8.3649e-05;-3.9804e-05;-7.2451e-05;0.0003332;0;0;0;0;0;0;0;0;0;0;0;0;0
2.501;9.2654e-05;-4.2439e-05;-2.7405e-05;0.0005096;0;0;0;0;0;0;0;0;0;0;0;0;0
3.001;0.00025632;-0.00011111;3.1027e-05;0.0008624;0;0;0;0;0;0;0;0;0;0;0;0;0
3.5;0.00051079;-0.00010585;3.623e-05;0.0014406;0;0;0;0;0;0;0;0;0;0;0;0;0
4;0.00035341;-0.00014293;-3.4299e-05;0.0022246;0;0;0;0;0;0;0;0;0;0;0;0;0
4.5;0.00050335;-9.1736e-05;-3.9199e-05;0.003136;0;0;0;0;0;0;0;0;0;0;0;0;0
5;0.00060535;-0.00014948;-1.4505e-05;0.0041944;0;0;0;0;0;0;0;0;0;0;0;0;0
5.5;0.00044069;-0.00010547;-1.9715e-05;0.005488;0;0;0;0;0;0;0;0;0;0;0;0;0
6;0.00074571;-9.1465e-05;1.0426e-05;0.006762;0;0;0;0;0;0;0;0;0;0;0;0;0
6.499;0.00053671;-3.9934e-05;-1.2364e-05;0.0082124;0;0;0;0;0;0;0;0;0;0;0;0;0
7;0.00060776;-2.5814e-05;4.3287e-06;0.0096726;0;0;0;0;0;0;0;0;0;0;0;0;0
7.5;0.00059521;-3.315e-06;-3.5703e-05;0.010996;0;0;0;0;0;0;0;0;0;0;0;0;0
8;0.0007469;-6.459e-05;-3.3331e-05;0.012299;0;0;0;0;0;0;0;0;0;0;0;0;0
8.5;0.00075241;-4.7447e-05;-3.2771e-05;0.013691;0;0;0;0;0;0;0;0;0;0;0;0;0
9;0.00080045;-4.8825e-05;-4.6406e-05;0.015102;0;0;0;0;0;0;0;0;0;0;0;0;0
9.5;0.00083776;-5.8492e-05;4.928e-05;0.016297;0;0;0;0;0;0;0;0;0;0;0;0;0
10;0.00095636;-9.4865e-05;2.9743e-05;0.017846;0;0;0;0;0;0;0;0;0;0;0;0;0
10.5;0.00094359;-5.8584e-05;-4.1735e-05;0.019188;0;0;0;0;0;0;0;0;0;0;0;0;0
11;0.0010311;-7.7987e-05;-3.0309e-05;0.020649;0;0;0;0;0;0;0;0;0;0;0;0;0
11.5;0.0010605;-6.5634e-05;-9.2522e-06;0.021874;0;0;0;0;0;0;0;0;0;0;0;0;0
12;0.0010842;-5.7841e-05;-5.3046e-06;0.023481;0;0;0;0;0;0;0;0;0;0;0;0;0
12.5;0.0010832;-7.2133e-05;-4.9628e-05;0.02498;0;0;0;0;0;0;0;0;0;0;0;0;0
13;0.0011041;-0.00013731;-5.318e-05;0.026235;0;0;0;0;0;0;0;0;0;0;0;0;0
13.5;0.0011561;-0.00012035;-6.8682e-06;0.027754;0;0;0;0;0;0;0;0;0;0;0;0;0
14.001;0.0012427;-0.00013573;-7.6257e-05;0.029165;0;0;0;0;0;0;0;0;0;0;0;0;0
14.5;0.00074506;-4.5538e-05;-8.824e-05;0.030821;0;0;0;0;0;0;0;0;0;0;0;0;0
15;0.0014014;-6.2905e-05;-4.1843e-06;0.032144;0;0;0;0;0;0;0;0;0;0;0;0;0
15.5;0.0013458;-3.5296e-05;-7.6301e-05;0.033741;0;0;0;0;0;0;0;0;0;0;0;0;0
16;0.0014431;-6.7664e-05;-1.5953e-05;0.035329;0;0;0;0;0;0;0;0;0;0;0;0;0
16.5;0.0015709;-6.9148e-05;-1.2417e-05;0.036819;0;0;0;0;0;0;0;0;0;0;0;0;0
17;0.0014146;-0.00013146;3.5366e-06;0.038465;0;0;0;0;0;0;0;0;0;0;0;0;0
17.5;0.0015581;5.3667e-06;-3.746e-05;0.040013;0;0;0;0;0;0;0;0;0;0;0;0;0
18;0.001803;-1.1626e-05;3.7047e-05;0.041738;0;0;0;0;0;0;0;0;0;0;0;0;0
18.5;0.0019008;-4.2974e-05;5.1172e-05;0.043247;0;0;0;0;0;0;0;0;0;0;0;0;0
19;0.0017939;-2.6855e-05;6.0299e-06;0.045217;0;0;0;0;0;0;0;0;0;0;0;0;0
19.5;0.0018962;-2.841e-05;3.7127e-06;0.046824;0;0;0;0;0;0;0;0;0;0;0;0;0
20.001;0.0017567;-3.0647e-05;4.1612e-05;0.048775;0;0;0;0;0;0;0;0;0;0;0;0;0
20.5;0.0021082;1.765e-05;-2.823e-05;0.050764;0;0;0;0;0;0;0;0;0;0;0;0;0
21;0.0018273;-7.9236e-05;-1.4571e-05;0.052802;0;0;0;0;0;0;0;0;0;0;0;0;0
21.5;0.0019962;-0.00013304;2.3176e-05;0.054704;0;0;0;0;0;0;0;0;0;0;0;0;0
22;0.0021112;5.7607e-05;-4.8487e-05;0.056634;0;0;0;0;0;0;0;0;0;0;0;0;0
22.499;0.0018966;-3.4885e-05;7.9396e-05;0.058741;0;0;0;0;0;0;0;0;0;0;0;0;0
23;0.0022466;2.0246e-05;3.2059e-05;0.060868;0;0;0;0;0;0;0;0;0;0;0;0;0
23.5;0.0021745;9.6073e-05;4.1654e-06;0.062828;0;0;0;0;0;0;0;0;0;0;0;0;0
24;0.0024785;-5.9317e-06;2.1795e-05;0.064807;0;0;0;0;0;0;0;0;0;0;0;0;0
24.5;0.002491;5.9752e-05;2.5486e-05;0.066973;0;0;0;0;0;0;0;0;0;0;0;0;0
25;0.0025488;6.6019e-05;-1.9548e-05;0.069149;0;0;0;0;0;0;0;0;0;0;0;0;0
25.5;0.0026893;0.00012434;2.0808e-05;0.071187;0;0;0;0;0;0;0;0;0;0;0;0;0
26;0.0026821;9.9394e-05;-2.825e-05;0.073255;0;0;0;0;0;0;0;0;0;0;0;0;0
26.5;0.0027779;7.3216e-05;-3.1478e-05;0.075695;0;0;0;0;0;0;0;0;0;0;0;0;0
27;0.0029444;8.0843e-05;-2.4073e-05;0.077626;0;0;0;0;0;0;0;0;0;0;0;0;0
27.5;0.0030246;9.2385e-05;-1.2834e-05;0.079909;0;0;0;0;0;0;0;0;0;0;0;0;0
28;0.0030552;0.00011535;6.2592e-06;0.082212;0;0;0;0;0;0;0;0;0;0;0;0;0
28.5;0.002989;7.8874e-05;-4.3661e-05;0.084339;0;0;0;0;0;0;0;0;0;0;0;0;0
29;0.0031847;8.0847e-05;-3.1467e-06;0.086671;0;0;0;0;0;0;0;0;0;0;0;0;0
29.499;0.0032151;0.00012258;-6.3222e-06;0.088817;0;0;0;0;0;0;0;0;0;0;0;0;0
30;0.0033453;0.00012964;-6.3429e-05;0.090964;0;0;0;0;0;0;0;0;0;0;0;0;0
30.5;0.0034366;0.00019937;-4.4431e-05;0.093306;0;0;0;0;0;0;0;0;0;0;0;0;0
31;0.0035394;0.00018911;-1.4424e-05;0.095472;0;0;0;0;0;0;0;0;0;0;0;0;0
31.5;0.0035507;9.6868e-05;4.4788e-07;0.098;0;0;0;0;0;0;0;0;0;0;0;0;0
32;0.0035847;0.00016978;-1.981e-05;0.099999;0;0;0;0;0;0;0;0;0;0;0;0;0
32.5;0.003776;0.00021053;1.5684e-05;0.10237;0;0;0;0;0;0;0;0;0;0;0;0;0
33;0.0038048;0.00012234;-5.0808e-05;0.10475;0;0;0;0;0;0;0;0;0;0;0;0;0
33.5;0.0039177;0.00014207;-5.2225e-05;0.10698;0;0;0;0;0;0;0;0;0;0;0;0;0
34;0.0039797;0.00022754;2.2857e-05;0.10919;0;0;0;0;0;0;0;0;0;0;0;0;0
34.5;0.0041198;0.00017303;-1.138e-05;0.11159;0;0;0;0;0;0;0;0;0;0;0;0;0
35;0.0042004;0.0002016;-9.6622e-06;0.11402;0;0;0;0;0;0;0;0;0;0;0;0;0
35.5;0.0042807;0.00013528;-2.8685e-05;0.11629;0;0;0;0;0;0;0;0;0;0;0;0;0
36;0.0044133;0.00021601;5.2619e-05;0.11856;0;0;0;0;0;0;0;0;0;0;0;0;0
36.5;0.004494;0.00021624;1.4586e-05;0.12123;0;0;0;0;0;0;0;0;0;0;0;0;0
37;0.0045689;0.00024518;7.2147e-05;0.12332;0;0;0;0;0;0;0;0;0;0;0;0;0
37.5;0.0047229;0.0001792;8.026e-05;0.12581;0;0;0;0;0;0;0;0;0;0;0;0;0
38;0.004816;0.00021495;6.8277e-05;0.12831;0;0;0;0;0;0;0;0;0;0;0;0;0
38.5;0.0049169;0.00026311;5.423e-05;0.13064;0;0;0;0;0;0;0;0;0;0;0;0;0
39;0.0050539;0.0002295;7.725e-05;0.13297;0;0;0;0;0;0;0;0;0;0;0;0;0
39.5;0.0051386;0.00021953;7.2629e-06;0.13552;0;0;0;0;0;0;0;0;0;0;0;0;0
40;0.0052542;0.00018444;6.5242e-05;0.13809;0;0;0;0;0;0;0;0;0;0;0;0;0
40.5;0.005358;0.00019024;6.0236e-05;0.14046;0;0;0;0;0;0;0;0;0;0;0;0;0
41;0.0054553;0.00023651;3.6748e-05;0.14305;0;0;0;0;0;0;0;0;0;0;0;0;0
41.5;0.0054976;0.00011686;3.3638e-05;0.14525;0;0;0;0;0;0;0;0;0;0;0;0;0
42;0.0056667;0.00026991;5.7633e-05;0.14783;0;0;0;0;0;0;0;0;0;0;0;0;0
42.5;0.0057478;0.0002934;8.2637e-05;0.15044;0;0;0;0;0;0;0;0;0;0;0;0;0
43;0.0058956;0.00021573;5.018e-05;0.15303;0;0;0;0;0;0;0;0;0;0;0;0;0
43.5;0.0060338;0.00029464;6.9997e-05;0.1552;0;0;0;0;0;0;0;0;0;0;0;0;0
44;0.0061335;0.00026684;7.5633e-06;0.15777;0;0;0;0;0;0;0;0;0;0;0;0;0
44.499;0.0062971;0.00025486;3.1111e-05;0.16052;0;0;0;0;0;0;0;0;0;0;0;0;0
45;0.006503;0.00021886;-2.1723e-06;0.16269;0;0;0;0;0;0;0;0;0;0;0;0;0
45.5;0.006581;0.00027421;4.4218e-08;0.16526;0;0;0;0;0;0;0;0;0;0;0;0;0
46;0.00676;0.00040638;3.9518e-05;0.16762;0;0;0;0;0;0;0;0;0;0;0;0;0
46.5;0.0068235;0.00038293;5.9658e-05;0.17019;0;0;0;0;0;0;0;0;0;0;0;0;0
47;0.0070416;0.00036379;7.5524e-05;0.17259;0;0;0;0;0;0;0;0;0;0;0;0;0
47.5;0.007109;0.00037448;-1.5717e-05;0.17518;0;0;0;0;0;0;0;0;0;0;0;0;0
48;0.0072587;0.0003883;3.8053e-05;0.1778;0;0;0;0;0;0;0;0;0;0;0;0;0
48.499;0.0074016;0.00044815;3.0708e-05;0.18039;0;0;0;0;0;0;0;0;0;0;0;0;0
48.999;0.0075512;0.00037756;2.0784e-05;0.18257;0;0;0;0;0;0;0;0;0;0;0;0;0
49.5;0.0077304;0.00043161;-1.2784e-05;0.18513;0;0;0;0;0;0;0;0;0;0;0;0;0
50;0.0079246;0.0004004;3.5763e-05;0.18768;0;0;0;0;0;0;0;0;0;0;0;0;0
50.5;0.0079914;0.00043346;-1.0447e-05;0.19001;0;0;0;0;0;0;0;0;0;0;0;0;0
51;0.0082177;0.00043782;-2.7515e-05;0.19251;0;0;0;0;0;0;0;0;0;0;0;0;0
51.5;0.0083105;0.00046188;6.3691e-05;0.19482;0;0;0;0;0;0;0;0;0;0;0;0;0
52;0.0085344;0.00041899;1.0233e-05;0.19729;0;0;0;0;0;0;0;0;0;0;0;0;0
52.5;0.0086819;0.00062119;5.3108e-06;0.19958;0;0;0;0;0;0;0;0;0;0;0;0;0
52.999;0.0088924;0.00056921;3.2202e-05;0.20205;0;0;0;0;0;0;0;0;0;0;0;0;0
53.5;0.0091325;0.00055338;4.453e-05;0.20453;0;0;0;0;0;0;0;0;0;0;0;0;0
54;0.0092532;0.00057682;6.546e-05;0.2066;0;0;0;0;0;0;0;0;0;0;0;0;0
54.5;0.0095031;0.00065936;5.2385e-05;0.20907;0;0;0;0;0;0;0;0;0;0;0;0;0
55;0.0096707;0.00057101;0.00010621;0.2115;0;0;0;0;0;0;0;0;0;0;0;0;0
55.499;0.0099238;0.00066832;4.7721e-05;0.21373;0;0;0;0;0;0;0;0;0;0;0;0;0
56;0.010076;0.00066087;-1.4437e-05;0.21595;0;0;0;0;0;0;0;0;0;0;0;0;0
56.5;0.010345;0.00065747;5.1221e-05;0.2185;0;0;0;0;0;0;0;0;0;0;0;0;0
56.999;0.010579;0.00071675;-9.7785e-06;0.22048;0;0;0;0;0;0;0;0;0;0;0;0;0
57.499;0.010818;0.00072399;-2.2001e-05;0.22278;0;0;0;0;0;0;0;0;0;0;0;0;0
58;0.011085;0.0007685;4.6599e-05;0.22488;0;0;0;0;0;0;0;0;0;0;0;0;0
58.5;0.011283;0.00075572;-2.4487e-05;0.22712;0;0;0;0;0;0;0;0;0;0;0;0;0
59;0.01156;0.00078463;-2.628e-05;0.22917;0;0;0;0;0;0;0;0;0;0;0;0;0
59.5;0.011772;0.00080061;-1.5991e-05;0.23136;0;0;0;0;0;0;0;0;0;0;0;0;0
60;0.012061;0.00081935;-4.3092e-05;0.2335;0;0;0;0;0;0;0;0;0;0;0;0;0
60.5;0.01246;0.00084147;-4.9825e-05;0.23546;0;0;0;0;0;0;0;0;0;0;0;0;0
61;0.012636;0.00083461;-0.00010142;0.23756;0;0;0;0;0;0;0;0;0;0;0;0;0
61.5;0.012922;0.00085897;-7.1364e-05;0.23961;0;0;0;0;0;0;0;0;0;0;0;0;0
62;0.01319;0.00090491;-7.1061e-05;0.24132;0;0;0;0;0;0;0;0;0;0;0;0;0
62.5;0.01348;0.00099009;-4.9922e-05;0.2433;0;0;0;0;0;0;0;0;0;0;0;0;0
63;0.013801;0.00090178;-4.9464e-05;0.24524;0;0;0;0;0;0;0;0;0;0;0;0;0
63.5;0.01408;0.00093803;-0.00012412;0.24684;0;0;0;0;0;0;0;0;0;0;0;0;0
64;0.014341;0.00097276;-9.1548e-05;0.24883;0;0;0;0;0;0;0;0;0;0;0;0;0
64.5;0.0147;0.0011081;-0.00015042;0.25063;0;0;0;0;0;0;0;0;0;0;0;0;0
65.001;0.015059;0.0010818;-0.00020864;0.25227;0;0;0;0;0;0;0;0;0;0;0;0;0
65.5;0.015378;0.0011935;-0.00018716;0.25388;0;0;0;0;0;0;0;0;0;0;0;0;0
65.999;0.015707;0.0010416;-0.00017015;0.25545;0;0;0;0;0;0;0;0;0;0;0;0;0
66.5;0.01605;0.0012167;-0.00027926;0.25727;0;0;0;0;0;0;0;0;0;0;0;0;0
67;0.016371;0.0012381;-0.00021472;0.25865;0;0;0;0;0;0;0;0;0;0;0;0;0
67.5;0.016726;0.0012667;-0.00027134;0.26026;0;0;0;0;0;0;0;0;0;0;0;0;0
68;0.017133;0.0013448;-0.00024872;0.26185;0;0;0;0;0;0;0;0;0;0;0;0;0
68.5;0.017426;0.001362;-0.00028206;0.26315;0;0;0;0;0;0;0;0;0;0;0;0;0
68.999;0.01785;0.0013963;-0.0002436;0.26464;0;0;0;0;0;0;0;0;0;0;0;0;0
69.5;0.018196;0.0013612;-0.00032162;0.2661;0;0;0;0;0;0;0;0;0;0;0;0;0
70;0.018569;0.0014596;-0.00033716;0.26754;0;0;0;0;0;0;0;0;0;0;0;0;0
70.5;0.019006;0.0015577;-0.00029463;0.26881;0;0;0;0;0;0;0;0;0;0;0;0;0
71;0.019428;0.0015632;-0.00035381;0.27007;0;0;0;0;0;0;0;0;0;0;0;0;0
71.5;0.019769;0.0015631;-0.00044359;0.2715;0;0;0;0;0;0;0;0;0;0;0;0;0
72;0.020254;0.0017126;-0.00042591;0.27261;0;0;0;0;0;0;0;0;0;0;0;0;0
72.5;0.020654;0.0018028;-0.0004101;0.27389;0;0;0;0;0;0;0;0;0;0;0;0;0
73;0.02112;0.0017562;-0.00040112;0.27514;0;0;0;0;0;0;0;0;0;0;0;0;0
73.5;0.021489;0.0017858;-0.00048222;0.27637;0;0;0;0;0;0;0;0;0;0;0;0;0
74;0.021919;0.0019021;-0.00041019;0.2774;0;0;0;0;0;0;0;0;0;0;0;0;0
74.5;0.022327;0.0019045;-0.00042209;0.27858;0;0;0;0;0;0;0;0;0;0;0;0;0
74.999;0.022716;0.0020169;-0.0004975;0.27974;0;0;0;0;0;0;0;0;0;0;0;0;0
75.5;0.023101;0.0020789;-0.00044236;0.28071;0;0;0;0;0;0;0;0;0;0;0;0;0
76.001;0.023576;0.0020935;-0.00046713;0.28191;0;0;0;0;0;0;0;0;0;0;0;0;0
76.5;0.024079;0.0021995;-0.00049354;0.28293;0;0;0;0;0;0;0;0;0;0;0;0;0
77;0.024462;0.0021441;-0.00055491;0.28403;0;0;0;0;0;0;0;0;0;0;0;0;0
77.5;0.024882;0.002286;-0.00056113;0.28503;0;0;0;0;0;0;0;0;0;0;0;0;0
77.999;0.025357;0.0023346;-0.00052909;0.28608;0;0;0;0;0;0;0;0;0;0;0;0;0
78.5;0.025796;0.0023154;-0.00055858;0.28705;0;0;0;0;0;0;0;0;0;0;0;0;0
79;0.026336;0.0023236;-0.00060407;0.28801;0;0;0;0;0;0;0;0;0;0;0;0;0
79.5;0.026776;0.0023551;-0.00061893;0.28902;0;0;0;0;0;0;0;0;0;0;0;0;0
79.999;0.027205;0.0024469;-0.00061371;0.29002;0;0;0;0;0;0;0;0;0;0;0;0;0
80.5;0.027695;0.0024756;-0.0005994;0.29102;0;0;0;0;0;0;0;0;0;0;0;0;0
81;0.028191;0.0026037;-0.00063148;0.29182;0;0;0;0;0;0;0;0;0;0;0;0;0
81.499;0.028647;0.0025753;-0.00063619;0.29279;0;0;0;0;0;0;0;0;0;0;0;0;0
81.999;0.029092;0.0025508;-0.00068513;0.29375;0;0;0;0;0;0;0;0;0;0;0;0;0
82.5;0.029595;0.0026147;-0.00066632;0.29461;0;0;0;0;0;0;0;0;0;0;0;0;0
83;0.030003;0.0027939;-0.00069986;0.29554;0;0;0;0;0;0;0;0;0;0;0;0;0
83.5;0.03049;0.0028774;-0.00070309;0.29646;0;0;0;0;0;0;0;0;0;0;0;0;0
84;0.030973;0.0029061;-0.00072238;0.29722;0;0;0;0;0;0;0;0;0;0;0;0;0
84.5;0.031487;0.0029193;-0.00065596;0.29813;0;0;0;0;0;0;0;0;0;0;0;0;0
85;0.031911;0.0029493;-0.00070431;0.29902;0;0;0;0;0;0;0;0;0;0;0;0;0
85.499;0.032428;0.0030086;-0.00072394;0.29989;0;0;0;0;0;0;0;0;0;0;0;0;0
86;0.032847;0.0030393;-0.00077384;0.30063;0;0;0;0;0;0;0;0;0;0;0;0;0
86.5;0.033349;0.0031212;-0.00075333;0.30143;0;0;0;0;0;0;0;0;0;0;0;0;0
86.999;0.033862;0.0031462;-0.00074191;0.30234;0;0;0;0;0;0;0;0;0;0;0;0;0
87.499;0.034307;0.0032506;-0.00076834;0.30312;0;0;0;0;0;0;0;0;0;0;0;0;0
88;0.034754;0.0032756;-0.00081803;0.30389;0;0;0;0;0;0;0;0;0;0;0;0;0
88.499;0.035325;0.0033941;-0.00080811;0.30473;0;0;0;0;0;0;0;0;0;0;0;0;0
89;0.035833;0.0033324;-0.00088408;0.3055;0;0;0;0;0;0;0;0;0;0;0;0;0
89.5;0.036341;0.0034392;-0.00082985;0.3063;0;0;0;0;0;0;0;0;0;0;0;0;0
90;0.03679;0.0034409;-0.00087894;0.3071;0;0;0;0;0;0;0;0;0;0;0;0;0
90.5;0.03736;0.0036546;-0.00090879;0.30783;0;0;0;0;0;0;0;0;0;0;0;0;0
91;0.037844;0.0036574;-0.00088328;0.30855;0;0;0;0;0;0;0;0;0;0;0;0;0
91.5;0.038276;0.0037581;-0.00093979;0.30932;0;0;0;0;0;0;0;0;0;0;0;0;0
92;0.038826;0.0037485;-0.00092395;0.31008;0;0;0;0;0;0;0;0;0;0;0;0;0
92.499;0.039324;0.0037573;-0.00097537;0.31076;0;0;0;0;0;0;0;0;0;0;0;0;0
92.999;0.03983;0.0038977;-0.00096369;0.3115;0;0;0;0;0;0;0;0;0;0;0;0;0
93.499;0.040361;0.0039473;-0.0010243;0.31226;0;0;0;0;0;0;0;0;0;0;0;0;0
94;0.040858;0.0039968;-0.001045;0.31288;0;0;0;0;0;0;0;0;0;0;0;0;0
94.5;0.041186;0.0040249;-0.0010875;0.31356;0;0;0;0;0;0;0;0;0;0;0;0;0
95;0.041679;0.0041082;-0.0010843;0.31429;0;0;0;0;0;0;0;0;0;0;0;0;0
95.499;0.042371;0.0041492;-0.0010964;0.31507;0;0;0;0;0;0;0;0;0;0;0;0;0
96;0.042851;0.0042369;-0.0010791;0.31568;0;0;0;0;0;0;0;0;0;0;0;0;0
96.499;0.043369;0.0042616;-0.0011378;0.3164;0;0;0;0;0;0;0;0;0;0;0;0;0
97;0.043917;0.0043004;-0.0011154;0.31704;0;0;0;0;0;0;0;0;0;0;0;0;0
97.5;0.044471;0.0043945;-0.0011789;0.31774;0;0;0;0;0;0;0;0;0;0;0;0;0
98;0.045003;0.0044668;-0.0012446;0.31842;0;0;0;0;0;0;0;0;0;0;0;0;0
98.5;0.045474;0.0044758;-0.001225;0.31906;0;0;0;0;0;0;0;0;0;0;0;0;0
99;0.046003;0.0045456;-0.0012556;0.31968;0;0;0;0;0;0;0;0;0;0;0;0;0
99.5;0.04652;0.0045798;-0.0012254;0.32036;0;0;0;0;0;0;0;0;0;0;0;0;0
100;0.047067;0.0046279;-0.0012275;0.32097;0;0;0;0;0;0;0;0;0;0;0;0;0
100.5;0.04756;0.0046809;-0.0012576;0.32162;0;0;0;0;0;0;0;0;0;0;0;0;0
101;0.048002;0.0047423;-0.0013136;0.3222;0;0;0;0;0;0;0;0;0;0;0;0;0
101.5;0.048741;0.0047579;-0.0013136;0.32284;0;0;0;0;0;0;0;0;0;0;0;0;0
102;0.049222;0.0048904;-0.0013185;0.32346;0;0;0;0;0;0;0;0;0;0;0;0;0
102.5;0.049791;0.0049011;-0.001343;0.32404;0;0;0;0;0;0;0;0;0;0;0;0;0
103;0.050262;0.0050004;-0.0013482;0.32465;0;0;0;0;0;0;0;0;0;0;0;0;0
103.5;0.050973;0.0050097;-0.0013608;0.32522;0;0;0;0;0;0;0;0;0;0;0;0;0
104;0.051313;0.00513;-0.0013993;0.3258;0;0;0;0;0;0;0;0;0;0;0;0;0
104.5;0.051886;0.0052904;-0.0013614;0.32642;0;0;0;0;0;0;0;0;0;0;0;0;0
105;0.052406;0.0051963;-0.0013527;0.32704;0;0;0;0;0;0;0;0;0;0;0;0;0
105.5;0.052922;0.0052505;-0.0013622;0.32756;0;0;0;0;0;0;0;0;0;0;0;0;0
106;0.053336;0.0052734;-0.0014196;0.32821;0;0;0;0;0;0;0;0;0;0;0;0;0
106.5;0.053965;0.0052832;-0.0014409;0.32876;0;0;0;0;0;0;0;0;0;0;0;0;0
107;0.054514;0.0053846;-0.0014466;0.32936;0;0;0;0;0;0;0;0;0;0;0;0;0
107.5;0.055076;0.0054633;-0.0014047;0.3299;0;0;0;0;0;0;0;0;0;0;0;0;0
108;0.055679;0.0055349;-0.001427;0.33043;0;0;0;0;0;0;0;0;0;0;0;0;0
108.5;0.056203;0.0056456;-0.0014529;0.331;0;0;0;0;0;0;0;0;0;0;0;0;0
109;0.056647;0.0056572;-0.0014391;0.33154;0;0;0;0;0;0;0;0;0;0;0;0;0
109.5;0.057265;0.0057159;-0.0014865;0.3321;0;0;0;0;0;0;0;0;0;0;0;0;0
110;0.057876;0.0057716;-0.0014163;0.33267;0;0;0;0;0;0;0;0;0;0;0;0;0
110.5;0.058329;0.0057949;-0.001448;0.33323;0;0;0;0;0;0;0;0;0;0;0;0;0
111;0.058883;0.00593;-0.0014572;0.33369;0;0;0;0;0;0;0;0;0;0;0;0;0
111.5;0.05944;0.0059498;-0.0015314;0.33424;0;0;0;0;0;0;0;0;0;0;0;0;0
112;0.059987;0.0059717;-0.0015224;0.33478;0;0;0;0;0;0;0;0;0;0;0;0;0
112.5;0.060484;0.0061172;-0.0015212;0.33528;0;0;0;0;0;0;0;0;0;0;0;0;0
113;0.061034;0.0061153;-0.0015264;0.33581;0;0;0;0;0;0;0;0;0;0;0;0;0
113.5;0.06155;0.0061736;-0.0015589;0.3363;0;0;0;0;0;0;0;0;0;0;0;0;0
114;0.06212;0.006204;-0.001568;0.33681;0;0;0;0;0;0;0;0;0;0;0;0;0
114.5;0.062704;0.0062035;-0.0015519;0.33728;0;0;0;0;0;0;0;0;0;0;0;0;0
115;0.063163;0.0064222;-0.0016116;0.33779;0;0;0;0;0;0;0;0;0;0;0;0;0
115.5;0.063736;0.0064058;-0.0015964;0.33825;0;0;0;0;0;0;0;0;0;0;0;0;0
116;0.064346;0.0065005;-0.0015997;0.33877;0;0;0;0;0;0;0;0;0;0;0;0;0
116.5;0.064857;0.0064466;-0.0016243;0.33924;0;0;0;0;0;0;0;0;0;0;0;0;0
117;0.065416;0.0065427;-0.0016184;0.33974;0;0;0;0;0;0;0;0;0;0;0;0;0
117.5;0.065991;0.0065839;-0.001682;0.34026;0;0;0;0;0;0;0;0;0;0;0;0;0
118;0.066522;0.006631;-0.0016872;0.34069;0;0;0;0;0;0;0;0;0;0;0;0;0
118.5;0.067093;0.0066513;-0.0016793;0.34119;0;0;0;0;0;0;0;0;0;0;0;0;0
119;0.067639;0.0067949;-0.0016907;0.34169;0;0;0;0;0;0;0;0;0;0;0;0;0
119.5;0.068211;0.0068378;-0.0016261;0.34215;0;0;0;0;0;0;0;0;0;0;0;0;0
120;0.068824;0.0067913;-0.0017246;0.34263;0;0;0;0;0;0;0;0;0;0;0;0;0
120.5;0.069339;0.0069899;-0.001673;0.3431;0;0;0;0;0;0;0;0;0;0;0;0;0
121;0.06987;0.0070198;-0.00172;0.34349;0;0;0;0;0;0;0;0;0;0;0;0;0
121.5;0.070371;0.0071158;-0.0017311;0.34394;0;0;0;0;0;0;0;0;0;0;0;0;0
122;0.070941;0.0071292;-0.0017495;0.3444;0;0;0;0;0;0;0;0;0;0;0;0;0
122.5;0.071534;0.0071791;-0.0017827;0.34482;0;0;0;0;0;0;0;0;0;0;0;0;0
123;0.072087;0.0071747;-0.0017787;0.34523;0;0;0;0;0;0;0;0;0;0;0;0;0
123.5;0.072643;0.007346;-0.0017674;0.34569;0;0;0;0;0;0;0;0;0;0;0;0;0
124;0.073201;0.007392;-0.001848;0.34615;0;0;0;0;0;0;0;0;0;0;0;0;0
124.5;0.073793;0.0073756;-0.0018361;0.34652;0;0;0;0;0;0;0;0;0;0;0;0;0
125;0.074317;0.0075007;-0.0018558;0.34697;0;0;0;0;0;0;0;0;0;0;0;0;0
125.5;0.074919;0.0075104;-0.0018588;0.34745;0;0;0;0;0;0;0;0;0;0;0;0;0
126;0.075466;0.0075838;-0.0018933;0.34782;0;0;0;0;0;0;0;0;0;0;0;0;0
126.5;0.076041;0.0076164;-0.0018962;0.34826;0;0;0;0;0;0;0;0;0;0;0;0;0
127;0.076608;0.0077392;-0.0019013;0.34869;0;0;0;0;0;0;0;0;0;0;0;0;0
127.5;0.077097;0.0076875;-0.0019423;0.34909;0;0;0;0;0;0;0;0;0;0;0;0;0
128;0.077742;0.0077968;-0.0019692;0.34947;0;0;0;0;0;0;0;0;0;0;0;0;0
128.5;0.078255;0.0079055;-0.0019402;0.3499;0;0;0;0;0;0;0;0;0;0;0;0;0
129;0.078789;0.0079023;-0.0019457;0.35028;0;0;0;0;0;0;0;0;0;0;0;0;0
129.5;0.079436;0.0079484;-0.0019489;0.35069;0;0;0;0;0;0;0;0;0;0;0;0;0
130;0.079908;0.0080232;-0.0019789;0.3511;0;0;0;0;0;0;0;0;0;0;0;0;0
130.5;0.080527;0.0081742;-0.0020105;0.35147;0;0;0;0;0;0;0;0;0;0;0;0;0
131;0.081126;0.0081643;-0.0020255;0.35184;0;0;0;0;0;0;0;0;0;0;0;0;0
131.5;0.081672;0.0082957;-0.0020889;0.35225;0;0;0;0;0;0;0;0;0;0;0;0;0
132;0.082233;0.0083542;-0.0021138;0.35264;0;0;0;0;0;0;0;0;0;0;0;0;0
132.5;0.082794;0.0083693;-0.002049;0.353;0;0;0;0;0;0;0;0;0;0;0;0;0
133;0.083379;0.0084415;-0.0020668;0.3534;0;0;0;0;0;0;0;0;0;0;0;0;0
133.5;0.083867;0.0085068;-0.0021324;0.35375;0;0;0;0;0;0;0;0;0;0;0;0;0
134;0.084471;0.0086285;-0.002111;0.3541;0;0;0;0;0;0;0;0;0;0;0;0;0
134.5;0.085012;0.0086365;-0.0021461;0.35452;0;0;0;0;0;0;0;0;0;0;0;0;0
135;0.085631;0.0087012;-0.0021545;0.35483;0;0;0;0;0;0;0;0;0;0;0;0;0
135.5;0.086206;0.0088172;-0.00212;0.3552;0;0;0;0;0;0;0;0;0;0;0;0;0
136;0.086825;0.008836;-0.0021721;0.35558;0;0;0;0;0;0;0;0;0;0;0;0;0
136.5;0.087339;0.008867;-0.0021642;0.35593;0;0;0;0;0;0;0;0;0;0;0;0;0
137;0.087892;0.008988;-0.0021916;0.35627;0;0;0;0;0;0;0;0;0;0;0;0;0
137.5;0.088481;0.0090502;-0.0021624;0.35667;0;0;0;0;0;0;0;0;0;0;0;0;0
138;0.08906;0.0091406;-0.0021863;0.35699;0;0;0;0;0;0;0;0;0;0;0;0;0
138.5;0.089623;0.009103;-0.002252;0.35737;0;0;0;0;0;0;0;0;0;0;0;0;0
139;0.090202;0.0091975;-0.0022351;0.35771;0;0;0;0;0;0;0;0;0;0;0;0;0
139.5;0.090749;0.0092659;-0.0022288;0.35807;0;0;0;0;0;0;0;0;0;0;0;0;0
140;0.091397;0.0092883;-0.0022357;0.3584;0;0;0;0;0;0;0;0;0;0;0;0;0
140.5;0.091924;0.0094129;-0.0022478;0.35876;0;0;0;0;0;0;0;0;0;0;0;0;0
141;0.092488;0.0094622;-0.0023084;0.35911;0;0;0;0;0;0;0;0;0;0;0;0;0
141.5;0.093093;0.0095223;-0.0022792;0.35945;0;0;0;0;0;0;0;0;0;0;0;0;0
142;0.0937;0.0095445;-0.0022863;0.35975;0;0;0;0;0;0;0;0;0;0;0;0;0
142.5;0.094206;0.0094945;-0.0023196;0.36008;0;0;0;0;0;0;0;0;0;0;0;0;0
143;0.094765;0.0096048;-0.0023672;0.36041;0;0;0;0;0;0;0;0;0;0;0;0;0
143.5;0.095326;0.0097226;-0.0023389;0.36071;0;0;0;0;0;0;0;0;0;0;0;0;0
144;0.095869;0.0096678;-0.002354;0.36104;0;0;0;0;0;0;0;0;0;0;0;0;0
144.5;0.096449;0.0097698;-0.0024115;0.36138;0;0;0;0;0;0;0;0;0;0;0;0;0
145;0.096915;0.0098217;-0.0023986;0.36171;0;0;0;0;0;0;0;0;0;0;0;0;0
145.5;0.097622;0.0098915;-0.0024095;0.36204;0;0;0;0;0;0;0;0;0;0;0;0;0
146;0.098235;0.0099926;-0.0024642;0.36235;0;0;0;0;0;0;0;0;0;0;0;0;0
146.5;0.098804;0.01004;-0.002512;0.36272;0;0;0;0;0;0;0;0;0;0;0;0;0
147;0.09937;0.010127;-0.0024882;0.36302;0;0;0;0;0;0;0;0;0;0;0;0;0
147.5;0.099955;0.010161;-0.0025386;0.36333;0;0;0;0;0;0;0;0;0;0;0;0;0
148;0.10055;0.010162;-0.0025158;0.36365;0;0;0;0;0;0;0;0;0;0;0;0;0
148.5;0.10105;0.010202;-0.0025013;0.36396;0;0;0;0;0;0;0;0;0;0;0;0;0
149;0.1017;0.010373;-0.0025408;0.36422;0;0;0;0;0;0;0;0;0;0;0;0;0
149.5;0.10222;0.010337;-0.0025818;0.36451;0;0;0;0;0;0;0;0;0;0;0;0;0
150;0.10275;0.010502;-0.002632;0.3648;0;0;0;0;0;0;0;0;0;0;0;0;0
150.5;0.10339;0.010527;-0.0026262;0.36507;0;0;0;0;0;0;0;0;0;0;0;0;0
151;0.10402;0.010577;-0.0026419;0.36535;0;0;0;0;0;0;0;0;0;0;0;0;0
151.5;0.10449;0.010589;-0.0026139;0.36566;0;0;0;0;0;0;0;0;0;0;0;0;0
152;0.10519;0.010653;-0.0026542;0.36595;0;0;0;0;0;0;0;0;0;0;0;0;0
152.5;0.1058;0.010754;-0.0026597;0.36624;0;0;0;0;0;0;0;0;0;0;0;0;0
153;0.10632;0.010753;-0.0026552;0.36651;0;0;0;0;0;0;0;0;0;0;0;0;0
153.5;0.10691;0.01089;-0.0027197;0.36683;0;0;0;0;0;0;0;0;0;0;0;0;0
154;0.10754;0.010901;-0.0027336;0.36709;0;0;0;0;0;0;0;0;0;0;0;0;0
154.5;0.10813;0.010989;-0.0027311;0.36739;0;0;0;0;0;0;0;0;0;0;0;0;0
155;0.10867;0.011014;-0.0027667;0.36765;0;0;0;0;0;0;0;0;0;0;0;0;0
155.5;0.10926;0.011111;-0.0027371;0.36793;0;0;0;0;0;0;0;0;0;0;0;0;0
156;0.10979;0.011228;-0.0027809;0.3682;0;0;0;0;0;0;0;0;0;0;0;0;0
156.5;0.11043;0.011239;-0.0028057;0.36849;0;0;0;0;0;0;0;0;0;0;0;0;0
157;0.11099;0.01139;-0.0028355;0.36877;0;0;0;0;0;0;0;0;0;0;0;0;0
157.5;0.11159;0.011425;-0.0028439;0.36903;0;0;0;0;0;0;0;0;0;0;0;0;0
158;0.11212;0.011353;-0.0028828;0.36931;0;0;0;0;0;0;0;0;0;0;0;0;0
158.5;0.11273;0.011456;-0.0029103;0.36959;0;0;0;0;0;0;0;0;0;0;0;0;0
159;0.11302;0.011544;-0.0029428;0.36984;0;0;0;0;0;0;0;0;0;0;0;0;0
159.5;0.11397;0.011571;-0.0029703;0.3701;0;0;0;0;0;0;0;0;0;0;0;0;0
160;0.11453;0.011717;-0.0029438;0.37034;0;0;0;0;0;0;0;0;0;0;0;0;0
160.5;0.11534;0.011767;-0.0029548;0.37064;0;0;0;0;0;0;0;0;0;0;0;0;0
161;0.11586;0.011816;-0.0030046;0.37086;0;0;0;0;0;0;0;0;0;0;0;0;0
161.5;0.11626;0.011891;-0.0030426;0.37114;0;0;0;0;0;0;0;0;0;0;0;0;0
162;0.11688;0.011979;-0.0030593;0.37141;0;0;0;0;0;0;0;0;0;0;0;0;0
162.5;0.11731;0.012013;-0.0031066;0.37166;0;0;0;0;0;0;0;0;0;0;0;0;0
163;0.11811;0.012139;-0.0030772;0.37193;0;0;0;0;0;0;0;0;0;0;0;0;0
163.5;0.11864;0.012139;-0.0031379;0.37217;0;0;0;0;0;0;0;0;0;0;0;0;0
164;0.1192;0.012218;-0.0031689;0.37241;0;0;0;0;0;0;0;0;0;0;0;0;0
164.5;0.11975;0.01227;-0.0030919;0.37267;0;0;0;0;0;0;0;0;0;0;0;0;0
165;0.12037;0.012346;-0.0031178;0.37292;0;0;0;0;0;0;0;0;0;0;0;0;0
165.5;0.12098;0.012421;-0.0031971;0.37315;0;0;0;0;0;0;0;0;0;0;0;0;0
166;0.12157;0.012458;-0.003175;0.37341;0;0;0;0;0;0;0;0;0;0;0;0;0
166.5;0.12215;0.012545;-0.0032546;0.37367;0;0;0;0;0;0;0;0;0;0;0;0;0
167;0.12277;0.012601;-0.0032128;0.3739;0;0;0;0;0;0;0;0;0;0;0;0;0
167.5;0.12332;0.012704;-0.0032662;0.37414;0;0;0;0;0;0;0;0;0;0;0;0;0
168;0.12389;0.012701;-0.0033278;0.37441;0;0;0;0;0;0;0;0;0;0;0;0;0
168.5;0.1245;0.012868;-0.0032931;0.37465;0;0;0;0;0;0;0;0;0;0;0;0;0
169;0.12514;0.012892;-0.0033594;0.37486;0;0;0;0;0;0;0;0;0;0;0;0;0
169.5;0.12564;0.012944;-0.0033491;0.37509;0;0;0;0;0;0;0;0;0;0;0;0;0
170;0.12635;0.01297;-0.0034183;0.37532;0;0;0;0;0;0;0;0;0;0;0;0;0
170.5;0.12689;0.013087;-0.0034142;0.37558;0;0;0;0;0;0;0;0;0;0;0;0;0
171;0.1273;0.013194;-0.0034595;0.37578;0;0;0;0;0;0;0;0;0;0;0;0;0
171.5;0.12813;0.013239;-0.0034609;0.37602;0;0;0;0;0;0;0;0;0;0;0;0;0
172;0.12872;0.013334;-0.0035202;0.37625;0;0;0;0;0;0;0;0;0;0;0;0;0
172.5;0.12925;0.013385;-0.0035342;0.37645;0;0;0;0;0;0;0;0;0;0;0;0;0
173;0.1299;0.013502;-0.0035913;0.37669;0;0;0;0;0;0;0;0;0;0;0;0;0
173.5;0.13051;0.013579;-0.003598;0.37693;0;0;0;0;0;0;0;0;0;0;0;0;0
174;0.13154;0.01365;-0.0036335;0.37716;0;0;0;0;0;0;0;0;0;0;0;0;0
174.5;0.13168;0.013732;-0.0036772;0.37737;0;0;0;0;0;0;0;0;0;0;0;0;0
175;0.1322;0.013826;-0.0036694;0.3776;0;0;0;0;0;0;0;0;0;0;0;0;0
175.5;0.13276;0.013843;-0.0036963;0.37781;0;0;0;0;0;0;0;0;0;0;0;0;0
176;0.13344;0.0139;-0.0037484;0.37801;0;0;0;0;0;0;0;0;0;0;0;0;0
176.5;0.13403;0.013992;-0.0037649;0.37823;0;0;0;0;0;0;0;0;0;0;0;0;0
177;0.13465;0.014148;-0.0037921;0.37845;0;0;0;0;0;0;0;0;0;0;0;0;0
177.5;0.13516;0.014255;-0.0038525;0.37867;0;0;0;0;0;0;0;0;0;0;0;0;0
178;0.13576;0.014279;-0.0038453;0.37886;0;0;0;0;0;0;0;0;0;0;0;0;0
178.5;0.13642;0.014374;-0.0039304;0.37906;0;0;0;0;0;0;0;0;0;0;0;0;0
179;0.13701;0.014446;-0.0039126;0.37928;0;0;0;0;0;0;0;0;0;0;0;0;0
179.5;0.13756;0.014494;-0.0039288;0.37949;0;0;0;0;0;0;0;0;0;0;0;0;0
180;0.13818;0.014579;-0.0039428;0.3797;0;0;0;0;0;0;0;0;0;0;0;0;0
180.5;0.13884;0.014632;-0.0040387;0.37991;0;0;0;0;0;0;0;0;0;0;0;0;0
181;0.13938;0.014731;-0.004018;0.3801;0;0;0;0;0;0;0;0;0;0;0;0;0
181.5;0.13999;0.014767;-0.0040553;0.38031;0;0;0;0;0;0;0;0;0;0;0;0;0
182;0.14053;0.014894;-0.0041057;0.38052;0;0;0;0;0;0;0;0;0;0;0;0;0
182.5;0.14119;0.015025;-0.0041345;0.38072;0;0;0;0;0;0;0;0;0;0;0;0;0
183;0.14186;0.015081;-0.0041561;0.38092;0;0;0;0;0;0;0;0;0;0;0;0;0
183.5;0.1424;0.015139;-0.0041857;0.38112;0;0;0;0;0;0;0;0;0;0;0;0;0
184;0.14297;0.015292;-0.0042335;0.38132;0;0;0;0;0;0;0;0;0;0;0;0;0
184.5;0.14359;0.015369;-0.0041856;0.3815;0;0;0;0;0;0;0;0;0;0;0;0;0
185;0.14416;0.015464;-0.0042761;0.38169;0;0;0;0;0;0;0;0;0;0;0;0;0
185.5;0.14481;0.015493;-0.0042551;0.38189;0;0;0;0;0;0;0;0;0;0;0;0;0
186;0.14538;0.015614;-0.0043512;0.38208;0;0;0;0;0;0;0;0;0;0;0;0;0
186.5;0.14603;0.015726;-0.0043511;0.38224;0;0;0;0;0;0;0;0;0;0;0;0;0
187;0.14668;0.015729;-0.0043753;0.38243;0;0;0;0;0;0;0;0;0;0;0;0;0
187.5;0.14721;0.015868;-0.0044161;0.38262;0;0;0;0;0;0;0;0;0;0;0;0;0
188;0.14787;0.015916;-0.004461;0.38281;0;0;0;0;0;0;0;0;0;0;0;0;0
188.5;0.14845;0.016082;-0.0044603;0.38298;0;0;0;0;0;0;0;0;0;0;0;0;0
189;0.14908;0.016137;-0.0045009;0.38318;0;0;0;0;0;0;0;0;0;0;0;0;0
189.5;0.14964;0.016183;-0.0045423;0.38337;0;0;0;0;0;0;0;0;0;0;0;0;0
190;0.15026;0.016334;-0.0046215;0.38352;0;0;0;0;0;0;0;0;0;0;0;0;0
190.5;0.15084;0.016359;-0.0046309;0.38371;0;0;0;0;0;0;0;0;0;0;0;0;0
191;0.15137;0.016543;-0.0046252;0.38389;0;0;0;0;0;0;0;0;0;0;0;0;0
191.5;0.15203;0.016573;-0.0047076;0.38406;0;0;0;0;0;0;0;0;0;0;0;0;0
192;0.15261;0.016734;-0.004705;0.38421;0;0;0;0;0;0;0;0;0;0;0;0;0
192.5;0.15327;0.016807;-0.0047941;0.38438;0;0;0;0;0;0;0;0;0;0;0;0;0
193;0.15392;0.016885;-0.0047908;0.38454;0;0;0;0;0;0;0;0;0;0;0;0;0
193.5;0.15451;0.01697;-0.0048011;0.38469;0;0;0;0;0;0;0;0;0;0;0;0;0
194;0.15505;0.01708;-0.0048705;0.38486;0;0;0;0;0;0;0;0;0;0;0;0;0
194.5;0.15565;0.017106;-0.0048564;0.38501;0;0;0;0;0;0;0;0;0;0;0;0;0
195;0.15626;0.017284;-0.0049358;0.38518;0;0;0;0;0;0;0;0;0;0;0;0;0
195.5;0.15682;0.017287;-0.0049293;0.38533;0;0;0;0;0;0;0;0;0;0;0;0;0
196;0.15746;0.017392;-0.0050176;0.38549;0;0;0;0;0;0;0;0;0;0;0;0;0
196.5;0.15806;0.017456;-0.0050529;0.38566;0;0;0;0;0;0;0;0;0;0;0;0;0
197;0.15865;0.01752;-0.0051267;0.38582;0;0;0;0;0;0;0;0;0;0;0;0;0
197.5;0.15927;0.017707;-0.0051445;0.38597;0;0;0;0;0;0;0;0;0;0;0;0;0
198;0.15985;0.017798;-0.0051614;0.38615;0;0;0;0;0;0;0;0;0;0;0;0;0
198.5;0.16047;0.017876;-0.0051895;0.38631;0;0;0;0;0;0;0;0;0;0;0;0;0
199;0.16104;0.017956;-0.0052462;0.38645;0;0;0;0;0;0;0;0;0;0;0;0;0
199.5;0.1617;0.018076;-0.0052201;0.38662;0;0;0;0;0;0;0;0;0;0;0;0;0
200;0.16223;0.018187;-0.0052817;0.38679;0;0;0;0;0;0;0;0;0;0;0;0;0
200.5;0.16292;0.018344;-0.0053049;0.38694;0;0;0;0;0;0;0;0;0;0;0;0;0
201;0.1634;0.018324;-0.0053842;0.3871;0;0;0;0;0;0;0;0;0;0;0;0;0
201.5;0.1641;0.018452;-0.0053863;0.38726;0;0;0;0;0;0;0;0;0;0;0;0;0
202;0.16463;0.018573;-0.0054463;0.3874;0;0;0;0;0;0;0;0;0;0;0;0;0
202.5;0.16536;0.018697;-0.0054724;0.38756;0;0;0;0;0;0;0;0;0;0;0;0;0
203;0.16591;0.018809;-0.0055359;0.38772;0;0;0;0;0;0;0;0;0;0;0;0;0
203.5;0.16648;0.018923;-0.0055647;0.38788;0;0;0;0;0;0;0;0;0;0;0;0;0
204;0.16716;0.019012;-0.0055693;0.38801;0;0;0;0;0;0;0;0;0;0;0;0;0
204.5;0.16771;0.019187;-0.0055935;0.38815;0;0;0;0;0;0;0;0;0;0;0;0;0
205;0.16837;0.019301;-0.0056159;0.38831;0;0;0;0;0;0;0;0;0;0;0;0;0
205.5;0.16896;0.019361;-0.0056559;0.38843;0;0;0;0;0;0;0;0;0;0;0;0;0
206;0.16958;0.019458;-0.0057182;0.38857;0;0;0;0;0;0;0;0;0;0;0;0;0
206.5;0.17014;0.019603;-0.0057177;0.38871;0;0;0;0;0;0;0;0;0;0;0;0;0
207;0.17077;0.019701;-0.0057638;0.38884;0;0;0;0;0;0;0;0;0;0;0;0;0
207.5;0.17142;0.019862;-0.0058034;0.38898;0;0;0;0;0;0;0;0;0;0;0;0;0
208;0.17181;0.019945;-0.0058245;0.38913;0;0;0;0;0;0;0;0;0;0;0;0;0
208.5;0.17253;0.019962;-0.0059264;0.38928;0;0;0;0;0;0;0;0;0;0;0;0;0
209;0.17327;0.020195;-0.005939;0.3894;0;0;0;0;0;0;0;0;0;0;0;0;0
209.5;0.17369;0.020328;-0.005938;0.38956;0;0;0;0;0;0;0;0;0;0;0;0;0
210;0.17445;0.020366;-0.0060125;0.38971;0;0;0;0;0;0;0;0;0;0;0;0;0
210.5;0.17505;0.020509;-0.0060473;0.38982;0;0;0;0;0;0;0;0;0;0;0;0;0
211;0.1757;0.020643;-0.0060894;0.38997;0;0;0;0;0;0;0;0;0;0;0;0;0
211.5;0.17633;0.02072;-0.006145;0.39013;0;0;0;0;0;0;0;0;0;0;0;0;0
212;0.17697;0.020782;-0.0061501;0.39027;0;0;0;0;0;0;0;0;0;0;0;0;0
212.5;0.17763;0.020934;-0.0061604;0.39039;0;0;0;0;0;0;0;0;0;0;0;0;0
213;0.17819;0.020976;-0.006201;0.3905;0;0;0;0;0;0;0;0;0;0;0;0;0
213.5;0.17876;0.021163;-0.0062461;0.39063;0;0;0;0;0;0;0;0;0;0;0;0;0
214;0.17943;0.0213;-0.0063312;0.39075;0;0;0;0;0;0;0;0;0;0;0;0;0
214.5;0.17991;0.021378;-0.0063258;0.39087;0;0;0;0;0;0;0;0;0;0;0;0;0
215;0.18055;0.021398;-0.0063873;0.39098;0;0;0;0;0;0;0;0;0;0;0;0;0
215.5;0.18116;0.021592;-0.00643;0.39108;0;0;0;0;0;0;0;0;0;0;0;0;0
216;0.18175;0.021723;-0.0064571;0.39121;0;0;0;0;0;0;0;0;0;0;0;0;0
216.5;0.18234;0.021793;-0.0064662;0.39132;0;0;0;0;0;0;0;0;0;0;0;0;0
217;0.183;0.021903;-0.0065479;0.39144;0;0;0;0;0;0;0;0;0;0;0;0;0
217.5;0.18363;0.022068;-0.0066037;0.39155;0;0;0;0;0;0;0;0;0;0;0;0;0
218;0.18425;0.022153;-0.0066237;0.39168;0;0;0;0;0;0;0;0;0;0;0;0;0
218.5;0.18481;0.022292;-0.0066844;0.39178;0;0;0;0;0;0;0;0;0;0;0;0;0
219;0.18548;0.022404;-0.0066924;0.39189;0;0;0;0;0;0;0;0;0;0;0;0;0
219.5;0.18611;0.02252;-0.0067351;0.39201;0;0;0;0;0;0;0;0;0;0;0;0;0
220;0.18673;0.02257;-0.0068281;0.39213;0;0;0;0;0;0;0;0;0;0;0;0;0
220.5;0.18738;0.022739;-0.0068077;0.39225;0;0;0;0;0;0;0;0;0;0;0;0;0
221;0.18795;0.022833;-0.0068596;0.39234;0;0;0;0;0;0;0;0;0;0;0;0;0
221.5;0.1886;0.022997;-0.0068798;0.39246;0;0;0;0;0;0;0;0;0;0;0;0;0
222;0.18917;0.023164;-0.007011;0.39258;0;0;0;0;0;0;0;0;0;0;0;0;0
222.5;0.18996;0.023209;-0.0069975;0.39267;0;0;0;0;0;0;0;0;0;0;0;0;0
223;0.19039;0.023287;-0.0070445;0.39277;0;0;0;0;0;0;0;0;0;0;0;0;0
223.5;0.19106;0.023477;-0.0070687;0.39289;0;0;0;0;0;0;0;0;0;0;0;0;0
224;0.19166;0.023595;-0.0071161;0.39299;0;0;0;0;0;0;0;0;0;0;0;0;0
224.5;0.19228;0.023699;-0.0070488;0.3931;0;0;0;0;0;0;0;0;0;0;0;0;0
225;0.19299;0.023851;-0.007136;0.39319;0;0;0;0;0;0;0;0;0;0;0;0;0
225.5;0.19351;0.023883;-0.0071897;0.39328;0;0;0;0;0;0;0;0;0;0;0;0;0
226;0.19421;0.024048;-0.0072235;0.3934;0;0;0;0;0;0;0;0;0;0;0;0;0
226.5;0.19489;0.024173;-0.0072258;0.39349;0;0;0;0;0;0;0;0;0;0;0;0;0
227;0.19518;0.024278;-0.0072817;0.39358;0;0;0;0;0;0;0;0;0;0;0;0;0
227.5;0.196;0.024372;-0.0073089;0.39368;0;0;0;0;0;0;0;0;0;0;0;0;0
228;0.19662;0.024549;-0.0073395;0.39375;0;0;0;0;0;0;0;0;0;0;0;0;0
228.5;0.19738;0.024624;-0.0073827;0.39383;0;0;0;0;0;0;0;0;0;0;0;0;0
229;0.19768;0.024837;-0.0073999;0.39394;0;0;0;0;0;0;0;0;0;0;0;0;0
229.5;0.19837;0.024972;-0.0074686;0.39403;0;0;0;0;0;0;0;0;0;0;0;0;0
230;0.199;0.024941;-0.0074466;0.39411;0;0;0;0;0;0;0;0;0;0;0;0;0
230.5;0.19974;0.02521;-0.0075385;0.3942;0;0;0;0;0;0;0;0;0;0;0;0;0
231;0.20007;0.025365;-0.0075319;0.3943;0;0;0;0;0;0;0;0;0;0;0;0;0
231.5;0.20107;0.025449;-0.0076366;0.39439;0;0;0;0;0;0;0;0;0;0;0;0;0
232;0.20169;0.02562;-0.0076651;0.39448;0;0;0;0;0;0;0;0;0;0;0;0;0
232.5;0.20223;0.025682;-0.0077212;0.39457;0;0;0;0;0;0;0;0;0;0;0;0;0
233;0.20283;0.025795;-0.0077126;0.39465;0;0;0;0;0;0;0;0;0;0;0;0;0
233.5;0.20345;0.026061;-0.007809;0.39473;0;0;0;0;0;0;0;0;0;0;0;0;0
234;0.20414;0.026088;-0.0078509;0.39482;0;0;0;0;0;0;0;0;0;0;0;0;0
234.5;0.20475;0.026322;-0.0078374;0.3949;0;0;0;0;0;0;0;0;0;0;0;0;0
235;0.20539;0.026421;-0.00792;0.39497;0;0;0;0;0;0;0;0;0;0;0;0;0
235.5;0.206;0.026588;-0.0079677;0.39506;0;0;0;0;0;0;0;0;0;0;0;0;0
236;0.20668;0.026697;-0.0079502;0.39514;0;0;0;0;0;0;0;0;0;0;0;0;0
236.5;0.20722;0.026845;-0.007984;0.39521;0;0;0;0;0;0;0;0;0;0;0;0;0
237;0.20786;0.026975;-0.0080549;0.39529;0;0;0;0;0;0;0;0;0;0;0;0;0
237.5;0.2085;0.0271;-0.0080879;0.39536;0;0;0;0;0;0;0;0;0;0;0;0;0
238;0.20909;0.027323;-0.0080674;0.39544;0;0;0;0;0;0;0;0;0;0;0;0;0
238.5;0.2097;0.027456;-0.008168;0.39551;0;0;0;0;0;0;0;0;0;0;0;0;0
239;0.21042;0.027552;-0.00823;0.39559;0;0;0;0;0;0;0;0;0;0;0;0;0
239.5;0.211;0.027677;-0.0082972;0.39567;0;0;0;0;0;0;0;0;0;0;0;0;0
240;0.21165;0.027869;-0.008289;0.39574;0;0;0;0;0;0;0;0;0;0;0;0;0
240.5;0.21234;0.028034;-0.0083794;0.39581;0;0;0;0;0;0;0;0;0;0;0;0;0
241;0.21294;0.028145;-0.0084268;0.39589;0;0;0;0;0;0;0;0;0;0;0;0;0
241.5;0.21352;0.028312;-0.0084356;0.39597;0;0;0;0;0;0;0;0;0;0;0;0;0
242;0.21419;0.028447;-0.0084971;0.39604;0;0;0;0;0;0;0;0;0;0;0;0;0
242.5;0.21475;0.028617;-0.0085224;0.39611;0;0;0;0;0;0;0;0;0;0;0;0;0
243;0.21543;0.028784;-0.0085692;0.39617;0;0;0;0;0;0;0;0;0;0;0;0;0
243.5;0.21605;0.028886;-0.0086207;0.39623;0;0;0;0;0;0;0;0;0;0;0;0;0
244;0.21663;0.029044;-0.0086604;0.39629;0;0;0;0;0;0;0;0;0;0;0;0;0
244.5;0.21733;0.029235;-0.0086857;0.39635;0;0;0;0;0;0;0;0;0;0;0;0;0
245;0.2179;0.029316;-0.0087264;0.39641;0;0;0;0;0;0;0;0;0;0;0;0;0
245.5;0.21853;0.029478;-0.0087679;0.39647;0;0;0;0;0;0;0;0;0;0;0;0;0
246;0.21924;0.029695;-0.0088364;0.39653;0;0;0;0;0;0;0;0;0;0;0;0;0
246.5;0.2198;0.029757;-0.0088996;0.39658;0;0;0;0;0;0;0;0;0;0;0;0;0
247;0.22049;0.02996;-0.008951;0.39664;0;0;0;0;0;0;0;0;0;0;0;0;0
247.5;0.22103;0.030079;-0.0089492;0.39667;0;0;0;0;0;0;0;0;0;0;0;0;0
248;0.22169;0.03023;-0.0090125;0.39674;0;0;0;0;0;0;0;0;0;0;0;0;0
248.5;0.22236;0.030377;-0.009056;0.39679;0;0;0;0;0;0;0;0;0;0;0;0;0
249;0.22296;0.030481;-0.0090918;0.39685;0;0;0;0;0;0;0;0;0;0;0;0;0
249.5;0.22362;0.030636;-0.0090959;0.3969;0;0;0;0;0;0;0;0;0;0;0;0;0
250;0.22409;0.030825;-0.0091478;0.39695;0;0;0;0;0;0;0;0;0;0;0;0;0
250.5;0.22482;0.031034;-0.0092296;0.397;0;0;0;0;0;0;0;0;0;0;0;0;0
251;0.22546;0.031136;-0.0091957;0.39705;0;0;0;0;0;0;0;0;0;0;0;0;0
251.5;0.22608;0.031347;-0.0092432;0.39711;0;0;0;0;0;0;0;0;0;0;0;0;0
252;0.22675;0.031443;-0.0093009;0.39716;0;0;0;0;0;0;0;0;0;0;0;0;0
252.5;0.2274;0.031586;-0.0092928;0.3972;0;0;0;0;0;0;0;0;0;0;0;0;0
253;0.22802;0.031763;-0.0094101;0.39724;0;0;0;0;0;0;0;0;0;0;0;0;0
253.5;0.22865;0.031868;-0.00939;0.39729;0;0;0;0;0;0;0;0;0;0;0;0;0
254;0.2293;0.032057;-0.0094859;0.39734;0;0;0;0;0;0;0;0;0;0;0;0;0
254.5;0.23004;0.032233;-0.0094758;0.39739;0;0;0;0;0;0;0;0;0;0;0;0;0
255;0.23051;0.032442;-0.0095287;0.39744;0;0;0;0;0;0;0;0;0;0;0;0;0
255.5;0.23122;0.032569;-0.0095924;0.39747;0;0;0;0;0;0;0;0;0;0;0;0;0
256;0.2318;0.032736;-0.009567;0.39751;0;0;0;0;0;0;0;0;0;0;0;0;0
256.5;0.23251;0.032936;-0.0096145;0.39754;0;0;0;0;0;0;0;0;0;0;0;0;0
257;0.23305;0.033036;-0.0096516;0.39757;0;0;0;0;0;0;0;0;0;0;0;0;0
257.5;0.23376;0.03319;-0.0096498;0.39762;0;0;0;0;0;0;0;0;0;0;0;0;0
258;0.23437;0.03337;-0.0096994;0.39765;0;0;0;0;0;0;0;0;0;0;0;0;0
258.5;0.23498;0.033584;-0.0097444;0.39767;0;0;0;0;0;0;0;0;0;0;0;0;0
259;0.2356;0.033692;-0.0097759;0.3977;0;0;0;0;0;0;0;0;0;0;0;0;0
259.5;0.23632;0.033835;-0.0098274;0.39773;0;0;0;0;0;0;0;0;0;0;0;0;0
260;0.23693;0.034031;-0.0099203;0.39775;0;0;0;0;0;0;0;0;0;0;0;0;0
260.5;0.23757;0.034181;-0.0099792;0.39778;0;0;0;0;0;0;0;0;0;0;0;0;0
261;0.23765;0.034411;-0.01004;0.39782;0;0;0;0;0;0;0;0;0;0;0;0;0
261.5;0.23895;0.034542;-0.010038;0.39783;0;0;0;0;0;0;0;0;0;0;0;0;0
262;0.23958;0.034752;-0.010047;0.39785;0;0;0;0;0;0;0;0;0;0;0;0;0
262.5;0.24028;0.034886;-0.010145;0.39789;0;0;0;0;0;0;0;0;0;0;0;0;0
263;0.24087;0.035151;-0.01015;0.39792;0;0;0;0;0;0;0;0;0;0;0;0;0
263.5;0.24145;0.035402;-0.01025;0.39795;0;0;0;0;0;0;0;0;0;0;0;0;0
264;0.24214;0.035513;-0.010255;0.39797;0;0;0;0;0;0;0;0;0;0;0;0;0
264.5;0.24278;0.035677;-0.010324;0.39801;0;0;0;0;0;0;0;0;0;0;0;0;0
265;0.24343;0.035945;-0.010375;0.39802;0;0;0;0;0;0;0;0;0;0;0;0;0
265.5;0.2439;0.036092;-0.010446;0.39804;0;0;0;0;0;0;0;0;0;0;0;0;0
266;0.24463;0.036339;-0.010453;0.39806;0;0;0;0;0;0;0;0;0;0;0;0;0
266.5;0.24533;0.036446;-0.010531;0.39808;0;0;0;0;0;0;0;0;0;0;0;0;0
267;0.24597;0.036598;-0.010538;0.3981;0;0;0;0;0;0;0;0;0;0;0;0;0
267.5;0.24663;0.036858;-0.010596;0.39811;0;0;0;0;0;0;0;0;0;0;0;0;0
268;0.24727;0.037047;-0.010664;0.39813;0;0;0;0;0;0;0;0;0;0;0;0;0
268.5;0.24788;0.037123;-0.01072;0.39813;0;0;0;0;0;0;0;0;0;0;0;0;0
269;0.24857;0.037466;-0.010797;0.39814;0;0;0;0;0;0;0;0;0;0;0;0;0
269.5;0.24919;0.037641;-0.010878;0.39815;0;0;0;0;0;0;0;0;0;0;0;0;0
270;0.24983;0.037779;-0.010879;0.39816;0;0;0;0;0;0;0;0;0;0;0;0;0
270.5;0.25053;0.038012;-0.010913;0.39816;0;0;0;0;0;0;0;0;0;0;0;0;0
271;0.25109;0.038152;-0.011024;0.39816;0;0;0;0;0;0;0;0;0;0;0;0;0
271.5;0.25175;0.038381;-0.011098;0.39818;0;0;0;0;0;0;0;0;0;0;0;0;0
272;0.25244;0.038593;-0.011198;0.39819;0;0;0;0;0;0;0;0;0;0;0;0;0
272.5;0.25306;0.038795;-0.011249;0.3982;0;0;0;0;0;0;0;0;0;0;0;0;0
273;0.25374;0.038988;-0.011297;0.39823;0;0;0;0;0;0;0;0;0;0;0;0;0
273.5;0.2544;0.039202;-0.011378;0.39823;0;0;0;0;0;0;0;0;0;0;0;0;0
274;0.25509;0.039443;-0.011477;0.39823;0;0;0;0;0;0;0;0;0;0;0;0;0
274.5;0.25567;0.039617;-0.011519;0.39824;0;0;0;0;0;0;0;0;0;0;0;0;0
275;0.25634;0.03979;-0.011605;0.39825;0;0;0;0;0;0;0;0;0;0;0;0;0
275.5;0.25697;0.039979;-0.011631;0.39824;0;0;0;0;0;0;0;0;0;0;0;0;0
276;0.25764;0.040212;-0.01174;0.39823;0;0;0;0;0;0;0;0;0;0;0;0;0
276.5;0.25831;0.040324;-0.011825;0.39822;0;0;0;0;0;0;0;0;0;0;0;0;0
277;0.25893;0.040577;-0.011874;0.3982;0;0;0;0;0;0;0;0;0;0;0;0;0
277.5;0.25955;0.040759;-0.011958;0.39819;0;0;0;0;0;0;0;0;0;0;0;0;0
278;0.26019;0.040975;-0.012034;0.39817;0;0;0;0;0;0;0;0;0;0;0;0;0
278.5;0.26083;0.041174;-0.012021;0.39815;0;0;0;0;0;0;0;0;0;0;0;0;0
279;0.26156;0.041396;-0.012088;0.39814;0;0;0;0;0;0;0;0;0;0;0;0;0
279.5;0.26213;0.041627;-0.012168;0.39813;0;0;0;0;0;0;0;0;0;0;0;0;0
280;0.26278;0.041836;-0.012233;0.39812;0;0;0;0;0;0;0;0;0;0;0;0;0
280.5;0.26332;0.042019;-0.012269;0.39812;0;0;0;0;0;0;0;0;0;0;0;0;0
281;0.26414;0.042237;-0.012373;0.3981;0;0;0;0;0;0;0;0;0;0;0;0;0
281.5;0.26478;0.042491;-0.012363;0.3981;0;0;0;0;0;0;0;0;0;0;0;0;0
282;0.26542;0.042663;-0.01248;0.39811;0;0;0;0;0;0;0;0;0;0;0;0;0
282.5;0.26602;0.042897;-0.012472;0.39811;0;0;0;0;0;0;0;0;0;0;0;0;0
283;0.26669;0.043088;-0.012555;0.39812;0;0;0;0;0;0;0;0;0;0;0;0;0
283.5;0.26735;0.043348;-0.012611;0.39811;0;0;0;0;0;0;0;0;0;0;0;0;0
284;0.26799;0.043575;-0.012667;0.3981;0;0;0;0;0;0;0;0;0;0;0;0;0
284.5;0.26866;0.043775;-0.012735;0.39809;0;0;0;0;0;0;0;0;0;0;0;0;0
285;0.26936;0.044091;-0.012735;0.3981;0;0;0;0;0;0;0;0;0;0;0;0;0
285.5;0.26994;0.044286;-0.012828;0.39809;0;0;0;0;0;0;0;0;0;0;0;0;0
286;0.2706;0.044425;-0.01284;0.39808;0;0;0;0;0;0;0;0;0;0;0;0;0
286.5;0.27121;0.044692;-0.012909;0.39807;0;0;0;0;0;0;0;0;0;0;0;0;0
287;0.27196;0.044879;-0.012935;0.39806;0;0;0;0;0;0;0;0;0;0;0;0;0
287.5;0.2726;0.045201;-0.013005;0.39806;0;0;0;0;0;0;0;0;0;0;0;0;0
288;0.27317;0.045381;-0.01308;0.39805;0;0;0;0;0;0;0;0;0;0;0;0;0
288.5;0.27387;0.045574;-0.013155;0.39804;0;0;0;0;0;0;0;0;0;0;0;0;0
289;0.2745;0.045872;-0.013168;0.39803;0;0;0;0;0;0;0;0;0;0;0;0;0
289.5;0.27518;0.046091;-0.01323;0.39802;0;0;0;0;0;0;0;0;0;0;0;0;0
290;0.27585;0.046366;-0.013314;0.39802;0;0;0;0;0;0;0;0;0;0;0;0;0
290.5;0.27645;0.046581;-0.013372;0.398;0;0;0;0;0;0;0;0;0;0;0;0;0
291;0.27717;0.046878;-0.013429;0.39799;0;0;0;0;0;0;0;0;0;0;0;0;0
291.5;0.2778;0.047137;-0.013483;0.39798;0;0;0;0;0;0;0;0;0;0;0;0;0
292;0.27844;0.047461;-0.013568;0.39796;0;0;0;0;0;0;0;0;0;0;0;0;0
292.5;0.27913;0.047747;-0.013591;0.39794;0;0;0;0;0;0;0;0;0;0;0;0;0
293;0.2797;0.048138;-0.013711;0.39794;0;0;0;0;0;0;0;0;0;0;0;0;0
293.5;0.28053;0.048508;-0.013792;0.39792;0;0;0;0;0;0;0;0;0;0;0;0;0
294;0.28104;0.048747;-0.013896;0.39791;0;0;0;0;0;0;0;0;0;0;0;0;0
294.5;0.28172;0.048997;-0.013931;0.3979;0;0;0;0;0;0;0;0;0;0;0;0;0
295;0.28237;0.049282;-0.014029;0.39789;0;0;0;0;0;0;0;0;0;0;0;0;0
295.5;0.28292;0.049425;-0.014107;0.39788;0;0;0;0;0;0;0;0;0;0;0;0;0
296;0.28365;0.049793;-0.01417;0.39787;0;0;0;0;0;0;0;0;0;0;0;0;0
296.5;0.28437;0.050073;-0.014223;0.39786;0;0;0;0;0;0;0;0;0;0;0;0;0
297;0.28495;0.050368;-0.01428;0.39784;0;0;0;0;0;0;0;0;0;0;0;0;0
297.5;0.28569;0.050689;-0.014406;0.39784;0;0;0;0;0;0;0;0;0;0;0;0;0
298;0.28627;0.050835;-0.014477;0.39783;0;0;0;0;0;0;0;0;0;0;0;0;0
298.5;0.28692;0.05116;-0.014551;0.39782;0;0;0;0;0;0;0;0;0;0;0;0;0
299;0.28762;0.051445;-0.014626;0.3978;0;0;0;0;0;0;0;0;0;0;0;0;0
299.5;0.28827;0.051765;-0.014666;0.39779;0;0;0;0;0;0;0;0;0;0;0;0;0
300;0.28896;0.052059;-0.014752;0.39778;0;0;0;0;0;0;0;0;0;0;0;0;0
300.5;0.28962;0.052348;-0.014825;0.39777;0;0;0;0;0;0;0;0;0;0;0;0;0
301;0.29022;0.052664;-0.014877;0.39776;0;0;0;0;0;0;0;0;0;0;0;0;0
301.5;0.29092;0.052968;-0.014933;0.39774;0;0;0;0;0;0;0;0;0;0;0;0;0
302;0.29154;0.053291;-0.014992;0.39772;0;0;0;0;0;0;0;0;0;0;0;0;0
302.5;0.29225;0.053511;-0.015077;0.39771;0;0;0;0;0;0;0;0;0;0;0;0;0
303;0.29286;0.053852;-0.015173;0.3977;0;0;0;0;0;0;0;0;0;0;0;0;0
303.5;0.29362;0.054159;-0.015217;0.39768;0;0;0;0;0;0;0;0;0;0;0;0;0
304;0.29426;0.054491;-0.015254;0.39766;0;0;0;0;0;0;0;0;0;0;0;0;0
304.5;0.29489;0.054742;-0.015345;0.39765;0;0;0;0;0;0;0;0;0;0;0;0;0
305;0.29552;0.055151;-0.015433;0.39764;0;0;0;0;0;0;0;0;0;0;0;0;0
305.5;0.29625;0.055404;-0.01546;0.39762;0;0;0;0;0;0;0;0;0;0;0;0;0
306;0.29683;0.055782;-0.015508;0.3976;0;0;0;0;0;0;0;0;0;0;0;0;0
306.5;0.29758;0.055984;-0.01564;0.39758;0;0;0;0;0;0;0;0;0;0;0;0;0
307;0.29812;0.056403;-0.015632;0.39757;0;0;0;0;0;0;0;0;0;0;0;0;0
307.5;0.2988;0.056676;-0.015755;0.39756;0;0;0;0;0;0;0;0;0;0;0;0;0
308;0.29952;0.05707;-0.015805;0.39754;0;0;0;0;0;0;0;0;0;0;0;0;0
308.5;0.30029;0.057379;-0.015829;0.39753;0;0;0;0;0;0;0;0;0;0;0;0;0
309;0.30085;0.057683;-0.015931;0.39751;0;0;0;0;0;0;0;0;0;0;0;0;0
309.5;0.30156;0.05799;-0.016014;0.39749;0;0;0;0;0;0;0;0;0;0;0;0;0
310;0.3022;0.05843;-0.016091;0.39748;0;0;0;0;0;0;0;0;0;0;0;0;0
310.5;0.30283;0.058681;-0.016171;0.39746;0;0;0;0;0;0;0;0;0;0;0;0;0
311;0.3035;0.059008;-0.016172;0.39744;0;0;0;0;0;0;0;0;0;0;0;0;0
311.5;0.30415;0.059347;-0.016227;0.39742;0;0;0;0;0;0;0;0;0;0;0;0;0
312;0.30487;0.059604;-0.016323;0.3974;0;0;0;0;0;0;0;0;0;0;0;0;0
312.5;0.30547;0.060054;-0.016364;0.39738;0;0;0;0;0;0;0;0;0;0;0;0;0
313;0.30615;0.060339;-0.016445;0.39736;0;0;0;0;0;0;0;0;0;0;0;0;0
313.5;0.30679;0.060682;-0.016503;0.39734;0;0;0;0;0;0;0;0;0;0;0;0;0
314;0.30752;0.060973;-0.016538;0.39732;0;0;0;0;0;0;0;0;0;0;0;0;0
314.5;0.30813;0.061336;-0.01663;0.39731;0;0;0;0;0;0;0;0;0;0;0;0;0
315;0.30879;0.061663;-0.016639;0.39729;0;0;0;0;0;0;0;0;0;0;0;0;0
315.5;0.30948;0.062059;-0.016687;0.39727;0;0;0;0;0;0;0;0;0;0;0;0;0
316;0.31022;0.062396;-0.01682;0.39725;0;0;0;0;0;0;0;0;0;0;0;0;0
316.5;0.31082;0.062751;-0.01686;0.39723;0;0;0;0;0;0;0;0;0;0;0;0;0
317;0.31141;0.063153;-0.016928;0.3972;0;0;0;0;0;0;0;0;0;0;0;0;0
317.5;0.31211;0.063443;-0.016986;0.39717;0;0;0;0;0;0;0;0;0;0;0;0;0
318;0.31278;0.063845;-0.01709;0.39715;0;0;0;0;0;0;0;0;0;0;0;0;0
318.5;0.31343;0.064251;-0.017131;0.39713;0;0;0;0;0;0;0;0;0;0;0;0;0
319;0.31414;0.064686;-0.017295;0.39711;0;0;0;0;0;0;0;0;0;0;0;0;0
319.5;0.31478;0.065032;-0.017338;0.39708;0;0;0;0;0;0;0;0;0;0;0;0;0
320;0.31543;0.065409;-0.017434;0.39706;0;0;0;0;0;0;0;0;0;0;0;0;0
320.5;0.31617;0.065726;-0.01749;0.39704;0;0;0;0;0;0;0;0;0;0;0;0;0
321;0.31683;0.066163;-0.017609;0.39701;0;0;0;0;0;0;0;0;0;0;0;0;0
321.5;0.31747;0.066543;-0.017667;0.39697;0;0;0;0;0;0;0;0;0;0;0;0;0
322;0.31815;0.066819;-0.01777;0.39694;0;0;0;0;0;0;0;0;0;0;0;0;0
322.5;0.31884;0.06735;-0.017797;0.39691;0;0;0;0;0;0;0;0;0;0;0;0;0
323;0.31955;0.067703;-0.017963;0.39687;0;0;0;0;0;0;0;0;0;0;0;0;0
323.5;0.32016;0.068116;-0.018058;0.39683;0;0;0;0;0;0;0;0;0;0;0;0;0
324;0.32089;0.068479;-0.018106;0.3968;0;0;0;0;0;0;0;0;0;0;0;0;0
324.5;0.32157;0.068862;-0.018194;0.39676;0;0;0;0;0;0;0;0;0;0;0;0;0
325;0.32225;0.069303;-0.018299;0.39675;0;0;0;0;0;0;0;0;0;0;0;0;0
325.5;0.32291;0.069767;-0.018398;0.39673;0;0;0;0;0;0;0;0;0;0;0;0;0
326;0.32356;0.070185;-0.018469;0.3967;0;0;0;0;0;0;0;0;0;0;0;0;0
326.5;0.3243;0.070577;-0.01857;0.39667;0;0;0;0;0;0;0;0;0;0;0;0;0
327;0.32494;0.070974;-0.018615;0.39664;0;0;0;0;0;0;0;0;0;0;0;0;0
327.5;0.32568;0.071308;-0.018725;0.3966;0;0;0;0;0;0;0;0;0;0;0;0;0
328;0.32634;0.071763;-0.018784;0.39655;0;0;0;0;0;0;0;0;0;0;0;0;0
328.5;0.32707;0.072299;-0.018826;0.39648;0;0;0;0;0;0;0;0;0;0;0;0;0
329;0.32772;0.072661;-0.018939;0.39642;0;0;0;0;0;0;0;0;0;0;0;0;0
329.5;0.32836;0.073107;-0.019002;0.39635;0;0;0;0;0;0;0;0;0;0;0;0;0
330;0.32911;0.07358;-0.019089;0.39628;0;0;0;0;0;0;0;0;0;0;0;0;0
330.5;0.32976;0.074028;-0.019116;0.39622;0;0;0;0;0;0;0;0;0;0;0;0;0
331;0.33043;0.074553;-0.01921;0.39616;0;0;0;0;0;0;0;0;0;0;0;0;0
331.5;0.33109;0.074888;-0.019255;0.39609;0;0;0;0;0;0;0;0;0;0;0;0;0
332;0.33182;0.075439;-0.01931;0.39601;0;0;0;0;0;0;0;0;0;0;0;0;0
332.5;0.33254;0.07592;-0.019383;0.39594;0;0;0;0;0;0;0;0;0;0;0;0;0
333;0.33326;0.076452;-0.019425;0.39586;0;0;0;0;0;0;0;0;0;0;0;0;0
333.5;0.33392;0.076929;-0.0195;0.39578;0;0;0;0;0;0;0;0;0;0;0;0;0
334;0.33473;0.077375;-0.01964;0.39569;0;0;0;0;0;0;0;0;0;0;0;0;0
334.5;0.33533;0.077907;-0.019632;0.3956;0;0;0;0;0;0;0;0;0;0;0;0;0
335;0.33609;0.078384;-0.019776;0.39549;0;0;0;0;0;0;0;0;0;0;0;0;0
335.5;0.33676;0.078915;-0.019884;0.3954;0;0;0;0;0;0;0;0;0;0;0;0;0
336;0.33754;0.079431;-0.01991;0.39529;0;0;0;0;0;0;0;0;0;0;0;0;0
336.5;0.33822;0.079866;-0.020075;0.39518;0;0;0;0;0;0;0;0;0;0;0;0;0
337;0.33896;0.080422;-0.020176;0.39506;0;0;0;0;0;0;0;0;0;0;0;0;0
337.5;0.33973;0.08088;-0.020319;0.39494;0;0;0;0;0;0;0;0;0;0;0;0;0
338;0.34037;0.081379;-0.020469;0.39481;0;0;0;0;0;0;0;0;0;0;0;0;0
338.5;0.34109;0.081819;-0.020525;0.39467;0;0;0;0;0;0;0;0;0;0;0;0;0
339;0.34191;0.082342;-0.020624;0.39453;0;0;0;0;0;0;0;0;0;0;0;0;0
339.5;0.34248;0.082856;-0.020779;0.39436;0;0;0;0;0;0;0;0;0;0;0;0;0
340;0.34333;0.0834;-0.020889;0.39419;0;0;0;0;0;0;0;0;0;0;0;0;0
340.5;0.34388;0.083891;-0.020986;0.39403;0;0;0;0;0;0;0;0;0;0;0;0;0
341;0.34447;0.084442;-0.021092;0.39385;0;0;0;0;0;0;0;0;0;0;0;0;0
341.5;0.34531;0.084946;-0.021175;0.39366;0;0;0;0;0;0;0;0;0;0;0;0;0
342;0.34603;0.08549;-0.021255;0.39347;0;0;0;0;0;0;0;0;0;0;0;0;0
342.5;0.34673;0.085881;-0.02131;0.39325;0;0;0;0;0;0;0;0;0;0;0;0;0
343;0.34751;0.086496;-0.021378;0.39305;0;0;0;0;0;0;0;0;0;0;0;0;0
343.5;0.34808;0.08692;-0.021434;0.39282;0;0;0;0;0;0;0;0;0;0;0;0;0
344;0.34883;0.08757;-0.021508;0.39261;0;0;0;0;0;0;0;0;0;0;0;0;0
344.5;0.3495;0.087988;-0.021571;0.39235;0;0;0;0;0;0;0;0;0;0;0;0;0
345;0.35022;0.088552;-0.021656;0.39211;0;0;0;0;0;0;0;0;0;0;0;0;0
345.5;0.35097;0.089003;-0.021715;0.39184;0;0;0;0;0;0;0;0;0;0;0;0;0
346;0.35154;0.089562;-0.021781;0.39161;0;0;0;0;0;0;0;0;0;0;0;0;0
346.5;0.35225;0.090138;-0.021817;0.39136;0;0;0;0;0;0;0;0;0;0;0;0;0
347;0.35296;0.09065;-0.021858;0.3911;0;0;0;0;0;0;0;0;0;0;0;0;0
347.5;0.3536;0.09119;-0.02196;0.39084;0;0;0;0;0;0;0;0;0;0;0;0;0
348;0.35424;0.091758;-0.022053;0.39059;0;0;0;0;0;0;0;0;0;0;0;0;0
348.5;0.35508;0.092273;-0.022169;0.39028;0;0;0;0;0;0;0;0;0;0;0;0;0
349;0.35571;0.092871;-0.022217;0.39002;0;0;0;0;0;0;0;0;0;0;0;0;0
349.5;0.35648;0.093419;-0.022362;0.38977;0;0;0;0;0;0;0;0;0;0;0;0;0
350;0.35705;0.093922;-0.022479;0.3895;0;0;0;0;0;0;0;0;0;0;0;0;0
350.5;0.35765;0.094466;-0.022582;0.3892;0;0;0;0;0;0;0;0;0;0;0;0;0
351;0.35846;0.09497;-0.022665;0.38889;0;0;0;0;0;0;0;0;0;0;0;0;0
351.5;0.35905;0.095426;-0.02265;0.38861;0;0;0;0;0;0;0;0;0;0;0;0;0
352;0.35976;0.095903;-0.022656;0.38832;0;0;0;0;0;0;0;0;0;0;0;0;0
352.5;0.36044;0.096594;-0.022683;0.38801;0;0;0;0;0;0;0;0;0;0;0;0;0
353;0.36101;0.097055;-0.022663;0.38774;0;0;0;0;0;0;0;0;0;0;0;0;0
353.5;0.36169;0.097602;-0.022645;0.38743;0;0;0;0;0;0;0;0;0;0;0;0;0
354;0.36251;0.098078;-0.02269;0.38712;0;0;0;0;0;0;0;0;0;0;0;0;0
354.5;0.36329;0.098631;-0.022695;0.38683;0;0;0;0;0;0;0;0;0;0;0;0;0
355;0.364;0.099199;-0.022757;0.38653;0;0;0;0;0;0;0;0;0;0;0;0;0
355.5;0.36455;0.099713;-0.022735;0.38619;0;0;0;0;0;0;0;0;0;0;0;0;0
356;0.36532;0.10022;-0.022725;0.38587;0;0;0;0;0;0;0;0;0;0;0;0;0
356.5;0.36594;0.1008;-0.022808;0.38552;0;0;0;0;0;0;0;0;0;0;0;0;0
357;0.36657;0.10143;-0.022904;0.38517;0;0;0;0;0;0;0;0;0;0;0;0;0
357.5;0.36733;0.10192;-0.022927;0.38483;0;0;0;0;0;0;0;0;0;0;0;0;0
358;0.36805;0.10247;-0.02305;0.38447;0;0;0;0;0;0;0;0;0;0;0;0;0
358.5;0.36856;0.10301;-0.023059;0.38409;0;0;0;0;0;0;0;0;0;0;0;0;0
359;0.36933;0.10351;-0.023117;0.3837;0;0;0;0;0;0;0;0;0;0;0;0;0
359.5;0.37011;0.10411;-0.023118;0.38335;0;0;0;0;0;0;0;0;0;0;0;0;0
360;0.37069;0.10465;-0.023238;0.383;0;0;0;0;0;0;0;0;0;0;0;0;0
360.5;0.37151;0.10528;-0.023263;0.38262;0;0;0;0;0;0;0;0;0;0;0;0;0
361;0.37209;0.10575;-0.023409;0.38224;0;0;0;0;0;0;0;0;0;0;0;0;0
361.5;0.37274;0.10633;-0.023475;0.38189;0;0;0;0;0;0;0;0;0;0;0;0;0
362;0.37325;0.10689;-0.02358;0.38152;0;0;0;0;0;0;0;0;0;0;0;0;0
362.5;0.37408;0.1075;-0.023622;0.38113;0;0;0;0;0;0;0;0;0;0;0;0;0
363;0.37466;0.10809;-0.023665;0.38075;0;0;0;0;0;0;0;0;0;0;0;0;0
363.5;0.37565;0.10869;-0.023812;0.38037;0;0;0;0;0;0;0;0;0;0;0;0;0
364;0.37608;0.10924;-0.023867;0.37996;0;0;0;0;0;0;0;0;0;0;0;0;0
364.5;0.37697;0.10979;-0.023942;0.37961;0;0;0;0;0;0;0;0;0;0;0;0;0
365;0.37752;0.11043;-0.024042;0.37919;0;0;0;0;0;0;0;0;0;0;0;0;0
365.5;0.37815;0.11104;-0.024095;0.37874;0;0;0;0;0;0;0;0;0;0;0;0;0
366;0.37897;0.11161;-0.024169;0.37838;0;0;0;0;0;0;0;0;0;0;0;0;0
366.5;0.3796;0.11222;-0.024249;0.37795;0;0;0;0;0;0;0;0;0;0;0;0;0
367;0.38028;0.11283;-0.024298;0.37752;0;0;0;0;0;0;0;0;0;0;0;0;0
367.5;0.38102;0.1135;-0.024306;0.37706;0;0;0;0;0;0;0;0;0;0;0;0;0
368;0.38167;0.11407;-0.024404;0.37668;0;0;0;0;0;0;0;0;0;0;0;0;0
368.5;0.38245;0.11477;-0.024431;0.37622;0;0;0;0;0;0;0;0;0;0;0;0;0
369;0.3831;0.11549;-0.024447;0.37576;0;0;0;0;0;0;0;0;0;0;0;0;0
369.5;0.38375;0.116;-0.024506;0.37533;0;0;0;0;0;0;0;0;0;0;0;0;0
370;0.38445;0.11664;-0.02447;0.37489;0;0;0;0;0;0;0;0;0;0;0;0;0
370.5;0.38518;0.11726;-0.02451;0.37442;0;0;0;0;0;0;0;0;0;0;0;0;0
371;0.38586;0.11784;-0.024526;0.37393;0;0;0;0;0;0;0;0;0;0;0;0;0
371.5;0.38656;0.1186;-0.024537;0.37348;0;0;0;0;0;0;0;0;0;0;0;0;0
372;0.38732;0.11927;-0.024587;0.37299;0;0;0;0;0;0;0;0;0;0;0;0;0
372.5;0.38809;0.11988;-0.024602;0.37253;0;0;0;0;0;0;0;0;0;0;0;0;0
373;0.38883;0.1205;-0.024645;0.37207;0;0;0;0;0;0;0;0;0;0;0;0;0
373.5;0.3894;0.12124;-0.024676;0.37157;0;0;0;0;0;0;0;0;0;0;0;0;0
374;0.39006;0.1219;-0.02466;0.37104;0;0;0;0;0;0;0;0;0;0;0;0;0
374.5;0.39082;0.12256;-0.024611;0.37054;0;0;0;0;0;0;0;0;0;0;0;0;0
375;0.39156;0.12313;-0.02462;0.37005;0;0;0;0;0;0;0;0;0;0;0;0;0
375.5;0.39226;0.12386;-0.024654;0.3695;0;0;0;0;0;0;0;0;0;0;0;0;0
376;0.39294;0.12446;-0.024712;0.36895;0;0;0;0;0;0;0;0;0;0;0;0;0
376.5;0.39357;0.12517;-0.024776;0.36843;0;0;0;0;0;0;0;0;0;0;0;0;0
377;0.39449;0.12586;-0.024729;0.36785;0;0;0;0;0;0;0;0;0;0;0;0;0
377.5;0.39487;0.12648;-0.024778;0.36733;0;0;0;0;0;0;0;0;0;0;0;0;0
378;0.39574;0.12726;-0.024773;0.3668;0;0;0;0;0;0;0;0;0;0;0;0;0
378.5;0.39612;0.12784;-0.024814;0.36622;0;0;0;0;0;0;0;0;0;0;0;0;0
379;0.39714;0.12852;-0.024783;0.36562;0;0;0;0;0;0;0;0;0;0;0;0;0
379.5;0.3978;0.12929;-0.024788;0.36508;0;0;0;0;0;0;0;0;0;0;0;0;0
380;0.39857;0.12993;-0.024864;0.36452;0;0;0;0;0;0;0;0;0;0;0;0;0
380.5;0.3993;0.1306;-0.02493;0.36386;0;0;0;0;0;0;0;0;0;0;0;0;0
381;0.40014;0.13141;-0.025095;0.3633;0;0;0;0;0;0;0;0;0;0;0;0;0
381.5;0.40077;0.13207;-0.025243;0.36272;0;0;0;0;0;0;0;0;0;0;0;0;0
382;0.40151;0.1328;-0.025333;0.36213;0;0;0;0;0;0;0;0;0;0;0;0;0
382.5;0.40221;0.13359;-0.025432;0.36143;0;0;0;0;0;0;0;0;0;0;0;0;0
383;0.40273;0.13429;-0.025411;0.36088;0;0;0;0;0;0;0;0;0;0;0;0;0
383.5;0.40367;0.13502;-0.025546;0.3602;0;0;0;0;0;0;0;0;0;0;0;0;0
384;0.40453;0.13583;-0.025745;0.35952;0;0;0;0;0;0;0;0;0;0;0;0;0
384.5;0.40531;0.13642;-0.025852;0.35888;0;0;0;0;0;0;0;0;0;0;0;0;0
385;0.40614;0.13723;-0.025895;0.35823;0;0;0;0;0;0;0;0;0;0;0;0;0
385.5;0.40672;0.13803;-0.025989;0.35751;0;0;0;0;0;0;0;0;0;0;0;0;0
386;0.40742;0.13894;-0.026018;0.35678;0;0;0;0;0;0;0;0;0;0;0;0;0
386.5;0.40829;0.13955;-0.025939;0.35608;0;0;0;0;0;0;0;0;0;0;0;0;0
387;0.40888;0.14028;-0.025995;0.3554;0;0;0;0;0;0;0;0;0;0;0;0;0
387.5;0.40969;0.14117;-0.026064;0.35462;0;0;0;0;0;0;0;0;0;0;0;0;0
388;0.41041;0.14193;-0.025976;0.35384;0;0;0;0;0;0;0;0;0;0;0;0;0
388.5;0.41124;0.14275;-0.025953;0.35311;0;0;0;0;0;0;0;0;0;0;0;0;0
389;0.41197;0.14353;-0.025874;0.3523;0;0;0;0;0;0;0;0;0;0;0;0;0
389.5;0.4127;0.14431;-0.025707;0.35154;0;0;0;0;0;0;0;0;0;0;0;0;0
390;0.41368;0.14509;-0.025496;0.3507;0;0;0;0;0;0;0;0;0;0;0;0;0
390.5;0.41427;0.14596;-0.025483;0.34996;0;0;0;0;0;0;0;0;0;0;0;0;0
391;0.41509;0.1468;-0.025549;0.34906;0;0;0;0;0;0;0;0;0;0;0;0;0
391.5;0.41587;0.14765;-0.025645;0.34813;0;0;0;0;0;0;0;0;0;0;0;0;0
392;0.41655;0.1484;-0.025936;0.34723;0;0;0;0;0;0;0;0;0;0;0;0;0
392.5;0.41758;0.14929;-0.025915;0.34622;0;0;0;0;0;0;0;0;0;0;0;0;0
393;0.41838;0.15025;-0.025929;0.34519;0;0;0;0;0;0;0;0;0;0;0;0;0
393.5;0.41966;0.15163;-0.026236;0.34407;0;0;0;0;0;0;0;0;0;0;0;0;0
394;0.42147;0.1537;-0.026655;0.34301;0;0;0;0;0;0;0;0;0;0;0;0;0
