Date of Test;Material;Sample Geometry;Orientation [°];Test Number;Nominal Speed [mm/min];Thickness [mm];Central Width [mm];Gauge Width / Diameter [mm];Pixel to mm ratio [mm/px];Extensometer 1-4 [mm];Extensometer 2-3 [mm];Extensometer 5-6 [mm];;;;;
07/27/21;DP600Large;NT20;00;1;0.0798;0.29282;2;4;0;6;0.20002;0.4;;;;;
;;;;;;;;;;;;;;;;;
Time [s];U1 [mm];U2 [mm];U3 [mm];Force [kN];Ambient Temperature [°C];DIC Zone X 1 [px];DIC Zone Y 1 [px];DIC Zone X 2 [px];DIC Zone Y 2 [px];DIC Zone X 3 [px];DIC Zone Y 3 [px];DIC Zone X 4 [px];DIC Zone Y 4 [px];DIC Zone X 5 [px];DIC Zone Y 5 [px];DIC Zone X 6 [px];DIC Zone Y 6 [px]
0;0;0;0;-0.0001078;0;0;0;0;0;0;0;0;0;0;0;0;0
0.5;-8.6075e-05;2.9822e-05;-4.8796e-06;-9.8e-05;0;0;0;0;0;0;0;0;0;0;0;0;0
0.999;1.5923e-06;-2.9426e-05;-2.5425e-05;-8.82e-05;0;0;0;0;0;0;0;0;0;0;0;0;0
1.5;-0.00013622;-4.0991e-05;7.3896e-06;-7.84e-05;0;0;0;0;0;0;0;0;0;0;0;0;0
2;-4.5669e-05;-1.0287e-05;-2.0311e-06;-5.88e-05;0;0;0;0;0;0;0;0;0;0;0;0;0
2.5;-4.5449e-05;-4.9156e-05;3.538e-06;-3.92e-05;0;0;0;0;0;0;0;0;0;0;0;0;0
3;-3.0497e-05;-5.8703e-05;-8.3772e-05;-9.8e-06;0;0;0;0;0;0;0;0;0;0;0;0;0
3.5;3.2704e-06;-9.5208e-05;2.364e-06;6.86e-05;0;0;0;0;0;0;0;0;0;0;0;0;0
4;0.00011516;-6.3318e-05;-9.3626e-05;0.000392;0;0;0;0;0;0;0;0;0;0;0;0;0
4.499;0.00018127;-4.8691e-05;2.421e-05;0.0011956;0;0;0;0;0;0;0;0;0;0;0;0;0
5;0.00039494;-5.2895e-06;2.7339e-05;0.0024206;0;0;0;0;0;0;0;0;0;0;0;0;0
5.499;0.00044519;-6.9167e-06;-1.6693e-07;0.0045766;0;0;0;0;0;0;0;0;0;0;0;0;0
5.999;0.00047553;-2.0108e-05;-6.1427e-05;0.0068012;0;0;0;0;0;0;0;0;0;0;0;0;0
6.5;0.00060238;9.7313e-05;-4.5645e-05;0.0095452;0;0;0;0;0;0;0;0;0;0;0;0;0
7;0.00055546;6.5167e-05;1.9752e-05;0.012328;0;0;0;0;0;0;0;0;0;0;0;0;0
7.5;0.00075299;-2.4278e-06;3.2797e-05;0.015317;0;0;0;0;0;0;0;0;0;0;0;0;0
8;0.00076311;9.2187e-05;3.2688e-05;0.018561;0;0;0;0;0;0;0;0;0;0;0;0;0
8.5;0.00094446;0.00012061;5.0183e-05;0.021354;0;0;0;0;0;0;0;0;0;0;0;0;0
8.999;0.00096799;8.4325e-05;9.0204e-06;0.023961;0;0;0;0;0;0;0;0;0;0;0;0;0
9.499;0.0011338;6.4856e-05;4.1126e-05;0.026078;0;0;0;0;0;0;0;0;0;0;0;0;0
10;0.0012967;7.0512e-05;-7.4736e-05;0.028224;0;0;0;0;0;0;0;0;0;0;0;0;0
10.499;0.0011653;8.4822e-05;-9.7422e-06;0.030096;0;0;0;0;0;0;0;0;0;0;0;0;0
11;0.0011704;0.00010749;-0.00013773;0.032075;0;0;0;0;0;0;0;0;0;0;0;0;0
11.5;0.0013827;0.00013735;-0.0001085;0.033996;0;0;0;0;0;0;0;0;0;0;0;0;0
11.999;0.0014593;9.5809e-05;-0.00012889;0.03575;0;0;0;0;0;0;0;0;0;0;0;0;0
12.499;0.0015053;0.00015413;-0.00011872;0.037495;0;0;0;0;0;0;0;0;0;0;0;0;0
13;0.0016109;0.00015673;-0.0001236;0.039367;0;0;0;0;0;0;0;0;0;0;0;0;0
13.499;0.0016964;0.00010818;-4.3192e-05;0.041238;0;0;0;0;0;0;0;0;0;0;0;0;0
14;0.0016234;0.00017884;-0.00011794;0.042816;0;0;0;0;0;0;0;0;0;0;0;0;0
14.5;0.0017122;0.00013646;-0.00013983;0.044688;0;0;0;0;0;0;0;0;0;0;0;0;0
15;0.001868;0.00017705;-0.00013498;0.04656;0;0;0;0;0;0;0;0;0;0;0;0;0
15.5;0.0019033;0.0001744;-0.00014421;0.048441;0;0;0;0;0;0;0;0;0;0;0;0;0
16;0.0019434;0.00019082;-0.00019124;0.050196;0;0;0;0;0;0;0;0;0;0;0;0;0
16.499;0.0020926;0.00015873;-0.00012944;0.05193;0;0;0;0;0;0;0;0;0;0;0;0;0
16.999;0.0019581;0.00015252;-0.00013675;0.053841;0;0;0;0;0;0;0;0;0;0;0;0;0
17.5;0.0020933;0.00013715;-3.357e-05;0.055595;0;0;0;0;0;0;0;0;0;0;0;0;0
17.999;0.00232;0.00020908;-0.00017637;0.057497;0;0;0;0;0;0;0;0;0;0;0;0;0
18.5;0.0022772;0.00020117;-6.2321e-05;0.059241;0;0;0;0;0;0;0;0;0;0;0;0;0
19.002;0.0023574;0.00027122;-6.2868e-05;0.061142;0;0;0;0;0;0;0;0;0;0;0;0;0
19.5;0.0024162;0.00020688;-7.7681e-05;0.062896;0;0;0;0;0;0;0;0;0;0;0;0;0
19.999;0.0024496;0.00022001;-8.3084e-05;0.06467;0;0;0;0;0;0;0;0;0;0;0;0;0
20.5;0.0023968;0.00027771;-8.715e-05;0.066581;0;0;0;0;0;0;0;0;0;0;0;0;0
20.999;0.0026028;0.0002666;-0.00012873;0.068502;0;0;0;0;0;0;0;0;0;0;0;0;0
21.499;0.0025775;0.00026317;-0.00010214;0.070286;0;0;0;0;0;0;0;0;0;0;0;0;0
22;0.0027495;0.00022994;-0.0001489;0.072206;0;0;0;0;0;0;0;0;0;0;0;0;0
22.5;0.0028426;0.00032076;-2.6334e-05;0.07398;0;0;0;0;0;0;0;0;0;0;0;0;0
23;0.0027415;0.0001922;-0.00015083;0.075901;0;0;0;0;0;0;0;0;0;0;0;0;0
23.5;0.0028563;0.00023833;-0.00011888;0.077675;0;0;0;0;0;0;0;0;0;0;0;0;0
24;0.0029911;0.0002784;-0.00012296;0.079576;0;0;0;0;0;0;0;0;0;0;0;0;0
24.5;0.0030159;0.00032277;-0.00020925;0.081477;0;0;0;0;0;0;0;0;0;0;0;0;0
24.999;0.0030418;0.00029925;-0.00016319;0.083075;0;0;0;0;0;0;0;0;0;0;0;0;0
25.499;0.0031385;0.00036203;-0.00018737;0.084956;0;0;0;0;0;0;0;0;0;0;0;0;0
25.999;0.0032752;0.00037047;-0.00019641;0.086838;0;0;0;0;0;0;0;0;0;0;0;0;0
26.5;0.003311;0.00039319;-0.0001782;0.08871;0;0;0;0;0;0;0;0;0;0;0;0;0
27;0.0035056;0.00032368;-0.0001979;0.090297;0;0;0;0;0;0;0;0;0;0;0;0;0
27.499;0.0035842;0.0004111;-0.00018952;0.092179;0;0;0;0;0;0;0;0;0;0;0;0;0
27.999;0.0037166;0.00039019;-0.00016384;0.094041;0;0;0;0;0;0;0;0;0;0;0;0;0
28.5;0.0037369;0.00035726;-0.00027165;0.095903;0;0;0;0;0;0;0;0;0;0;0;0;0
29;0.0038187;0.00036781;-0.00019258;0.097608;0;0;0;0;0;0;0;0;0;0;0;0;0
29.499;0.003914;0.00039063;-0.0002816;0.099303;0;0;0;0;0;0;0;0;0;0;0;0;0
29.999;0.0039793;0.00037897;-0.00021766;0.10115;0;0;0;0;0;0;0;0;0;0;0;0;0
30.499;0.0039793;0.00042937;-0.00026822;0.10297;0;0;0;0;0;0;0;0;0;0;0;0;0
31;0.0040849;0.00040298;-0.00031853;0.10464;0;0;0;0;0;0;0;0;0;0;0;0;0
31.5;0.004153;0.00041714;-0.00027214;0.10631;0;0;0;0;0;0;0;0;0;0;0;0;0
32;0.0042777;0.00045924;-0.0003211;0.10811;0;0;0;0;0;0;0;0;0;0;0;0;0
32.499;0.0043898;0.00041288;-0.00029096;0.10992;0;0;0;0;0;0;0;0;0;0;0;0;0
33;0.0046098;0.0004718;-0.00029355;0.11157;0;0;0;0;0;0;0;0;0;0;0;0;0
33.5;0.004833;0.00053647;-0.0003193;0.11339;0;0;0;0;0;0;0;0;0;0;0;0;0
34;0.0045479;0.00044913;-0.00036171;0.11505;0;0;0;0;0;0;0;0;0;0;0;0;0
34.5;0.0047354;0.00051114;-0.00033468;0.11673;0;0;0;0;0;0;0;0;0;0;0;0;0
34.999;0.0047644;0.00046733;-0.00040912;0.1184;0;0;0;0;0;0;0;0;0;0;0;0;0
35.499;0.0047524;0.00047759;-0.00036408;0.12022;0;0;0;0;0;0;0;0;0;0;0;0;0
36;0.004954;0.00053313;-0.00034092;0.12204;0;0;0;0;0;0;0;0;0;0;0;0;0
36.499;0.004945;0.00047156;-0.00035254;0.12373;0;0;0;0;0;0;0;0;0;0;0;0;0
36.999;0.0049829;0.00053575;-0.00037965;0.12558;0;0;0;0;0;0;0;0;0;0;0;0;0
37.5;0.0053039;0.00051559;-0.00035645;0.12743;0;0;0;0;0;0;0;0;0;0;0;0;0
37.999;0.0054578;0.00053734;-0.00041726;0.12932;0;0;0;0;0;0;0;0;0;0;0;0;0
38.499;0.0054349;0.00059579;-0.00035805;0.13093;0;0;0;0;0;0;0;0;0;0;0;0;0
38.999;0.0055749;0.00054138;-0.00042833;0.13285;0;0;0;0;0;0;0;0;0;0;0;0;0
39.499;0.0054813;0.00054086;-0.00033148;0.13467;0;0;0;0;0;0;0;0;0;0;0;0;0
40;0.0057423;0.0005202;-0.00037985;0.13667;0;0;0;0;0;0;0;0;0;0;0;0;0
40.5;0.0057549;0.0005323;-0.00042602;0.13855;0;0;0;0;0;0;0;0;0;0;0;0;0
40.999;0.0055628;0.0005293;-0.00040859;0.14062;0;0;0;0;0;0;0;0;0;0;0;0;0
41.499;0.0059757;0.00055694;-0.00040463;0.14271;0;0;0;0;0;0;0;0;0;0;0;0;0
41.999;0.0060002;0.00054298;-0.00034356;0.14448;0;0;0;0;0;0;0;0;0;0;0;0;0
42.499;0.0061233;0.00063571;-0.00039512;0.1466;0;0;0;0;0;0;0;0;0;0;0;0;0
42.999;0.0062156;0.00060282;-0.00039614;0.14872;0;0;0;0;0;0;0;0;0;0;0;0;0
43.5;0.0064077;0.0006572;-0.00042255;0.15088;0;0;0;0;0;0;0;0;0;0;0;0;0
43.999;0.006771;0.0006297;-0.00039156;0.1527;0;0;0;0;0;0;0;0;0;0;0;0;0
44.499;0.0066971;0.0006066;-0.00045394;0.15486;0;0;0;0;0;0;0;0;0;0;0;0;0
44.999;0.0068086;0.00064262;-0.0003667;0.15701;0;0;0;0;0;0;0;0;0;0;0;0;0
45.499;0.0069242;0.00064893;-0.00040298;0.15901;0;0;0;0;0;0;0;0;0;0;0;0;0
45.999;0.0070029;0.00067685;-0.00041788;0.16118;0;0;0;0;0;0;0;0;0;0;0;0;0
46.499;0.0070403;0.00064843;-0.00045516;0.16334;0;0;0;0;0;0;0;0;0;0;0;0;0
46.999;0.0072062;0.00067465;-0.0004598;0.16535;0;0;0;0;0;0;0;0;0;0;0;0;0
47.5;0.0073938;0.00071216;-0.00044391;0.16732;0;0;0;0;0;0;0;0;0;0;0;0;0
48;0.0075121;0.00069809;-0.00048613;0.16944;0;0;0;0;0;0;0;0;0;0;0;0;0
48.499;0.0075996;0.00077032;-0.00043325;0.17158;0;0;0;0;0;0;0;0;0;0;0;0;0
48.999;0.0079252;0.00070411;-0.00046867;0.17337;0;0;0;0;0;0;0;0;0;0;0;0;0
49.499;0.0079329;0.00076713;-0.00043353;0.17549;0;0;0;0;0;0;0;0;0;0;0;0;0
49.999;0.008097;0.00081879;-0.00044366;0.17763;0;0;0;0;0;0;0;0;0;0;0;0;0
50.5;0.0083739;0.00078573;-0.00049523;0.17977;0;0;0;0;0;0;0;0;0;0;0;0;0
50.999;0.0084453;0.00080243;-0.00049338;0.18157;0;0;0;0;0;0;0;0;0;0;0;0;0
51.5;0.0086342;0.00081785;-0.00052017;0.18373;0;0;0;0;0;0;0;0;0;0;0;0;0
51.999;0.0088;0.00081954;-0.00051212;0.1859;0;0;0;0;0;0;0;0;0;0;0;0;0
52.499;0.0089605;0.00081651;-0.00055305;0.18806;0;0;0;0;0;0;0;0;0;0;0;0;0
52.999;0.0090262;0.00088491;-0.00059049;0.1899;0;0;0;0;0;0;0;0;0;0;0;0;0
53.499;0.0092253;0.00091677;-0.00064568;0.19225;0;0;0;0;0;0;0;0;0;0;0;0;0
53.999;0.009533;0.00088849;-0.00056548;0.19424;0;0;0;0;0;0;0;0;0;0;0;0;0
54.499;0.0097025;0.00096159;-0.00061468;0.1964;0;0;0;0;0;0;0;0;0;0;0;0;0
55;0.0098299;0.00091912;-0.00067346;0.19837;0;0;0;0;0;0;0;0;0;0;0;0;0
55.5;0.010002;0.0010819;-0.00069454;0.2003;0;0;0;0;0;0;0;0;0;0;0;0;0
55.999;0.010341;0.0010698;-0.00064312;0.20242;0;0;0;0;0;0;0;0;0;0;0;0;0
56.499;0.010376;0.0010761;-0.00072049;0.2045;0;0;0;0;0;0;0;0;0;0;0;0;0
56.999;0.010718;0.0011071;-0.00066926;0.20639;0;0;0;0;0;0;0;0;0;0;0;0;0
57.499;0.01088;0.0011045;-0.00077413;0.20827;0;0;0;0;0;0;0;0;0;0;0;0;0
58;0.011136;0.0011084;-0.00081119;0.21029;0;0;0;0;0;0;0;0;0;0;0;0;0
58.5;0.011422;0.0010959;-0.00074883;0.21212;0;0;0;0;0;0;0;0;0;0;0;0;0
58.999;0.0116;0.0011109;-0.00082563;0.21413;0;0;0;0;0;0;0;0;0;0;0;0;0
59.499;0.011839;0.0011559;-0.00085515;0.21612;0;0;0;0;0;0;0;0;0;0;0;0;0
59.999;0.01218;0.0012224;-0.00092502;0.21792;0;0;0;0;0;0;0;0;0;0;0;0;0
60.5;0.012375;0.0012014;-0.00087494;0.21975;0;0;0;0;0;0;0;0;0;0;0;0;0
60.999;0.012688;0.0012282;-0.00094432;0.22154;0;0;0;0;0;0;0;0;0;0;0;0;0
61.499;0.012913;0.0013046;-0.0009488;0.22347;0;0;0;0;0;0;0;0;0;0;0;0;0
62;0.013235;0.0013372;-0.00094463;0.22539;0;0;0;0;0;0;0;0;0;0;0;0;0
62.499;0.013529;0.0013621;-0.0010203;0.22712;0;0;0;0;0;0;0;0;0;0;0;0;0
62.999;0.013703;0.0014291;-0.0010017;0.22898;0;0;0;0;0;0;0;0;0;0;0;0;0
63.5;0.013932;0.0015269;-0.0010416;0.23081;0;0;0;0;0;0;0;0;0;0;0;0;0
63.999;0.014428;0.0015855;-0.0010265;0.23249;0;0;0;0;0;0;0;0;0;0;0;0;0
64.499;0.014734;0.0016796;-0.0010515;0.23412;0;0;0;0;0;0;0;0;0;0;0;0;0
65;0.015128;0.0016934;-0.0011159;0.23589;0;0;0;0;0;0;0;0;0;0;0;0;0
65.499;0.015418;0.0017024;-0.0011587;0.23761;0;0;0;0;0;0;0;0;0;0;0;0;0
66;0.015774;0.0017599;-0.0011495;0.23904;0;0;0;0;0;0;0;0;0;0;0;0;0
66.5;0.01608;0.0017587;-0.0011498;0.24072;0;0;0;0;0;0;0;0;0;0;0;0;0
66.999;0.016484;0.0018632;-0.0012278;0.24235;0;0;0;0;0;0;0;0;0;0;0;0;0
67.5;0.01674;0.0019208;-0.0012672;0.24382;0;0;0;0;0;0;0;0;0;0;0;0;0
67.999;0.017118;0.0018757;-0.0013177;0.24539;0;0;0;0;0;0;0;0;0;0;0;0;0
68.5;0.017438;0.0019501;-0.0013075;0.2468;0;0;0;0;0;0;0;0;0;0;0;0;0
68.999;0.017775;0.0019786;-0.0013497;0.24828;0;0;0;0;0;0;0;0;0;0;0;0;0
69.499;0.018113;0.0020622;-0.0014173;0.24975;0;0;0;0;0;0;0;0;0;0;0;0;0
69.999;0.018525;0.0021617;-0.001462;0.25106;0;0;0;0;0;0;0;0;0;0;0;0;0
70.499;0.018857;0.0020992;-0.0014877;0.25234;0;0;0;0;0;0;0;0;0;0;0;0;0
71;0.019347;0.0022056;-0.001554;0.25372;0;0;0;0;0;0;0;0;0;0;0;0;0
71.499;0.019739;0.0022272;-0.0016101;0.25498;0;0;0;0;0;0;0;0;0;0;0;0;0
71.999;0.020028;0.0022213;-0.0016157;0.2562;0;0;0;0;0;0;0;0;0;0;0;0;0
72.499;0.020546;0.002252;-0.0016715;0.25751;0;0;0;0;0;0;0;0;0;0;0;0;0
73;0.020829;0.0023458;-0.0016816;0.25879;0;0;0;0;0;0;0;0;0;0;0;0;0
73.499;0.021376;0.00238;-0.0016779;0.26004;0;0;0;0;0;0;0;0;0;0;0;0;0
74;0.021751;0.0023691;-0.0017102;0.26109;0;0;0;0;0;0;0;0;0;0;0;0;0
74.499;0.0221;0.0024495;-0.001772;0.26231;0;0;0;0;0;0;0;0;0;0;0;0;0
74.999;0.022574;0.0025582;-0.0017315;0.26348;0;0;0;0;0;0;0;0;0;0;0;0;0
75.499;0.023008;0.0026006;-0.0018697;0.26456;0;0;0;0;0;0;0;0;0;0;0;0;0
76;0.023442;0.0026535;-0.0018529;0.26562;0;0;0;0;0;0;0;0;0;0;0;0;0
76.5;0.023919;0.0027088;-0.0019117;0.26673;0;0;0;0;0;0;0;0;0;0;0;0;0
76.999;0.024335;0.0026599;-0.0019365;0.26782;0;0;0;0;0;0;0;0;0;0;0;0;0
77.499;0.02471;0.0026578;-0.0019844;0.26881;0;0;0;0;0;0;0;0;0;0;0;0;0
77.999;0.025113;0.0028239;-0.0020436;0.26978;0;0;0;0;0;0;0;0;0;0;0;0;0
78.499;0.025668;0.0028015;-0.0020562;0.27082;0;0;0;0;0;0;0;0;0;0;0;0;0
78.999;0.026155;0.0028362;-0.0021061;0.27176;0;0;0;0;0;0;0;0;0;0;0;0;0
79.499;0.026518;0.002864;-0.0021171;0.27275;0;0;0;0;0;0;0;0;0;0;0;0;0
79.999;0.026913;0.002981;-0.0021467;0.27373;0;0;0;0;0;0;0;0;0;0;0;0;0
80.5;0.027415;0.0029363;-0.0021547;0.27469;0;0;0;0;0;0;0;0;0;0;0;0;0
81;0.028061;0.0029868;-0.002245;0.2755;0;0;0;0;0;0;0;0;0;0;0;0;0
81.499;0.028315;0.0029766;-0.0022405;0.27645;0;0;0;0;0;0;0;0;0;0;0;0;0
81.999;0.028871;0.0030261;-0.0022978;0.27737;0;0;0;0;0;0;0;0;0;0;0;0;0
82.499;0.029352;0.0031178;-0.0023593;0.27827;0;0;0;0;0;0;0;0;0;0;0;0;0
83;0.029732;0.003135;-0.0024352;0.27904;0;0;0;0;0;0;0;0;0;0;0;0;0
83.499;0.030105;0.0031067;-0.0024502;0.27992;0;0;0;0;0;0;0;0;0;0;0;0;0
83.999;0.030713;0.0032029;-0.0023885;0.28079;0;0;0;0;0;0;0;0;0;0;0;0;0
84.499;0.03112;0.003234;-0.0025251;0.28166;0;0;0;0;0;0;0;0;0;0;0;0;0
85;0.031706;0.0032479;-0.0025316;0.28244;0;0;0;0;0;0;0;0;0;0;0;0;0
85.5;0.032174;0.0032081;-0.0026624;0.28326;0;0;0;0;0;0;0;0;0;0;0;0;0
85.999;0.032539;0.0032162;-0.0026828;0.28403;0;0;0;0;0;0;0;0;0;0;0;0;0
86.499;0.03297;0.0032729;-0.0026542;0.28479;0;0;0;0;0;0;0;0;0;0;0;0;0
87;0.033508;0.0033661;-0.0026856;0.28559;0;0;0;0;0;0;0;0;0;0;0;0;0
87.499;0.033904;0.0034087;-0.0028055;0.28635;0;0;0;0;0;0;0;0;0;0;0;0;0
88;0.034518;0.0033609;-0.0028239;0.28714;0;0;0;0;0;0;0;0;0;0;0;0;0
88.499;0.03493;0.003444;-0.0028815;0.28792;0;0;0;0;0;0;0;0;0;0;0;0;0
88.999;0.03548;0.0034562;-0.0029436;0.28858;0;0;0;0;0;0;0;0;0;0;0;0;0
89.5;0.035879;0.0035439;-0.0029578;0.28936;0;0;0;0;0;0;0;0;0;0;0;0;0
89.999;0.036351;0.0035404;-0.0029785;0.29011;0;0;0;0;0;0;0;0;0;0;0;0;0
90.499;0.036879;0.0035819;-0.0030353;0.29088;0;0;0;0;0;0;0;0;0;0;0;0;0
91;0.037354;0.0036222;-0.0031015;0.29151;0;0;0;0;0;0;0;0;0;0;0;0;0
91.499;0.037852;0.0035756;-0.0031004;0.29225;0;0;0;0;0;0;0;0;0;0;0;0;0
91.999;0.038482;0.0035643;-0.0031351;0.293;0;0;0;0;0;0;0;0;0;0;0;0;0
92.5;0.038767;0.0036533;-0.0032371;0.29373;0;0;0;0;0;0;0;0;0;0;0;0;0
92.999;0.039353;0.0036146;-0.003229;0.29439;0;0;0;0;0;0;0;0;0;0;0;0;0
93.498;0.039929;0.0036632;-0.0033595;0.29505;0;0;0;0;0;0;0;0;0;0;0;0;0
93.999;0.040361;0.0037697;-0.0033222;0.29576;0;0;0;0;0;0;0;0;0;0;0;0;0
94.499;0.040809;0.0038074;-0.0034071;0.29644;0;0;0;0;0;0;0;0;0;0;0;0;0
94.999;0.041315;0.003871;-0.0033258;0.29702;0;0;0;0;0;0;0;0;0;0;0;0;0
95.499;0.041919;0.0038495;-0.0033572;0.29769;0;0;0;0;0;0;0;0;0;0;0;0;0
96;0.042332;0.0039195;-0.0034984;0.29834;0;0;0;0;0;0;0;0;0;0;0;0;0
96.499;0.042818;0.0039668;-0.0035089;0.29901;0;0;0;0;0;0;0;0;0;0;0;0;0
96.999;0.043338;0.0039219;-0.0035199;0.29956;0;0;0;0;0;0;0;0;0;0;0;0;0
97.5;0.044029;0.0040639;-0.0035418;0.3002;0;0;0;0;0;0;0;0;0;0;0;0;0
97.999;0.044353;0.0040421;-0.0035837;0.30086;0;0;0;0;0;0;0;0;0;0;0;0;0
98.499;0.044851;0.0041225;-0.003684;0.30146;0;0;0;0;0;0;0;0;0;0;0;0;0
99;0.045455;0.0041673;-0.0036886;0.30205;0;0;0;0;0;0;0;0;0;0;0;0;0
99.499;0.045925;0.0042432;-0.0037173;0.30275;0;0;0;0;0;0;0;0;0;0;0;0;0
100;0.046425;0.004247;-0.0037734;0.30333;0;0;0;0;0;0;0;0;0;0;0;0;0
100.5;0.046895;0.0042698;-0.0038655;0.3039;0;0;0;0;0;0;0;0;0;0;0;0;0
101;0.047437;0.0043043;-0.0038867;0.30453;0;0;0;0;0;0;0;0;0;0;0;0;0
101.5;0.048074;0.0044635;-0.0038796;0.30514;0;0;0;0;0;0;0;0;0;0;0;0;0
102;0.048535;0.004483;-0.0039078;0.30569;0;0;0;0;0;0;0;0;0;0;0;0;0
102.5;0.049037;0.0044965;-0.0039446;0.30626;0;0;0;0;0;0;0;0;0;0;0;0;0
103;0.049615;0.0044832;-0.0040075;0.30686;0;0;0;0;0;0;0;0;0;0;0;0;0
103.5;0.049958;0.0045573;-0.0040387;0.3074;0;0;0;0;0;0;0;0;0;0;0;0;0
104;0.050568;0.0045459;-0.0041538;0.30795;0;0;0;0;0;0;0;0;0;0;0;0;0
104.5;0.051103;0.0046272;-0.0041153;0.30854;0;0;0;0;0;0;0;0;0;0;0;0;0
105;0.051611;0.004662;-0.0041923;0.30912;0;0;0;0;0;0;0;0;0;0;0;0;0
105.5;0.052206;0.0047503;-0.0042154;0.30966;0;0;0;0;0;0;0;0;0;0;0;0;0
106;0.052782;0.0047266;-0.0042434;0.31021;0;0;0;0;0;0;0;0;0;0;0;0;0
106.5;0.053225;0.0048765;-0.0043001;0.31077;0;0;0;0;0;0;0;0;0;0;0;0;0
107;0.053744;0.0048255;-0.0043828;0.31134;0;0;0;0;0;0;0;0;0;0;0;0;0
107.5;0.054435;0.0049236;-0.0044021;0.31186;0;0;0;0;0;0;0;0;0;0;0;0;0
108;0.054976;0.0050527;-0.0044849;0.31236;0;0;0;0;0;0;0;0;0;0;0;0;0
108.5;0.055369;0.0050998;-0.0044976;0.3129;0;0;0;0;0;0;0;0;0;0;0;0;0
109;0.055998;0.0050819;-0.0045523;0.31343;0;0;0;0;0;0;0;0;0;0;0;0;0
109.5;0.056508;0.0051662;-0.0045989;0.31396;0;0;0;0;0;0;0;0;0;0;0;0;0
110;0.057147;0.005255;-0.0046071;0.31441;0;0;0;0;0;0;0;0;0;0;0;0;0
110.5;0.057645;0.0052464;-0.0046715;0.31494;0;0;0;0;0;0;0;0;0;0;0;0;0
111;0.058143;0.0052107;-0.0047148;0.31546;0;0;0;0;0;0;0;0;0;0;0;0;0
111.5;0.058729;0.0053414;-0.0046856;0.31598;0;0;0;0;0;0;0;0;0;0;0;0;0
112;0.059269;0.0053716;-0.0047705;0.31647;0;0;0;0;0;0;0;0;0;0;0;0;0
112.5;0.059834;0.00541;-0.0047757;0.31698;0;0;0;0;0;0;0;0;0;0;0;0;0
113;0.060429;0.0054203;-0.0048275;0.31745;0;0;0;0;0;0;0;0;0;0;0;0;0
113.5;0.060973;0.0055141;-0.0048361;0.31792;0;0;0;0;0;0;0;0;0;0;0;0;0
114;0.061484;0.0055152;-0.0049324;0.31844;0;0;0;0;0;0;0;0;0;0;0;0;0
114.5;0.062166;0.0055087;-0.0049114;0.31891;0;0;0;0;0;0;0;0;0;0;0;0;0
115;0.062609;0.0055696;-0.0049816;0.31942;0;0;0;0;0;0;0;0;0;0;0;0;0
115.5;0.06309;0.0056211;-0.0049881;0.31988;0;0;0;0;0;0;0;0;0;0;0;0;0
116;0.063855;0.0056516;-0.0050259;0.32037;0;0;0;0;0;0;0;0;0;0;0;0;0
116.5;0.064052;0.0057615;-0.0051273;0.32087;0;0;0;0;0;0;0;0;0;0;0;0;0
117;0.064702;0.0058331;-0.005118;0.32128;0;0;0;0;0;0;0;0;0;0;0;0;0
117.5;0.065262;0.0058081;-0.0051773;0.32176;0;0;0;0;0;0;0;0;0;0;0;0;0
118;0.06588;0.0059343;-0.0052172;0.32223;0;0;0;0;0;0;0;0;0;0;0;0;0
118.5;0.066277;0.0060939;-0.0052559;0.32266;0;0;0;0;0;0;0;0;0;0;0;0;0
119;0.066902;0.0061391;-0.0053524;0.32313;0;0;0;0;0;0;0;0;0;0;0;0;0
119.5;0.067399;0.0061879;-0.0053702;0.32356;0;0;0;0;0;0;0;0;0;0;0;0;0
120;0.067899;0.0062678;-0.0053807;0.32402;0;0;0;0;0;0;0;0;0;0;0;0;0
120.5;0.068537;0.0063113;-0.0055238;0.32448;0;0;0;0;0;0;0;0;0;0;0;0;0
121;0.069051;0.0063087;-0.0054925;0.3249;0;0;0;0;0;0;0;0;0;0;0;0;0
121.5;0.069812;0.0064446;-0.0055236;0.32532;0;0;0;0;0;0;0;0;0;0;0;0;0
122.01;0.070183;0.0064305;-0.0055811;0.32577;0;0;0;0;0;0;0;0;0;0;0;0;0
122.5;0.070774;0.006558;-0.0055973;0.3262;0;0;0;0;0;0;0;0;0;0;0;0;0
123;0.071262;0.0065484;-0.0056564;0.3266;0;0;0;0;0;0;0;0;0;0;0;0;0
123.5;0.071758;0.0066517;-0.0057194;0.32705;0;0;0;0;0;0;0;0;0;0;0;0;0
124;0.07235;0.0066407;-0.0057259;0.32749;0;0;0;0;0;0;0;0;0;0;0;0;0
124.5;0.072861;0.0067634;-0.0058179;0.32788;0;0;0;0;0;0;0;0;0;0;0;0;0
125;0.073479;0.006751;-0.005832;0.32832;0;0;0;0;0;0;0;0;0;0;0;0;0
125.5;0.074104;0.0068757;-0.0058481;0.32875;0;0;0;0;0;0;0;0;0;0;0;0;0
126;0.074546;0.0068953;-0.0059035;0.32915;0;0;0;0;0;0;0;0;0;0;0;0;0
126.5;0.075098;0.0070232;-0.0059106;0.32958;0;0;0;0;0;0;0;0;0;0;0;0;0
127;0.075666;0.0070095;-0.0059815;0.32998;0;0;0;0;0;0;0;0;0;0;0;0;0
127.5;0.076313;0.007001;-0.0060335;0.3304;0;0;0;0;0;0;0;0;0;0;0;0;0
128;0.076832;0.0071093;-0.0061555;0.33078;0;0;0;0;0;0;0;0;0;0;0;0;0
128.5;0.077308;0.0071172;-0.0061535;0.33117;0;0;0;0;0;0;0;0;0;0;0;0;0
129;0.077845;0.0072038;-0.0061848;0.33158;0;0;0;0;0;0;0;0;0;0;0;0;0
129.5;0.078987;0.0072756;-0.0062549;0.33197;0;0;0;0;0;0;0;0;0;0;0;0;0
130;0.078955;0.0072748;-0.0062706;0.33237;0;0;0;0;0;0;0;0;0;0;0;0;0
130.5;0.079591;0.0073254;-0.0063368;0.33273;0;0;0;0;0;0;0;0;0;0;0;0;0
131;0.080138;0.0074195;-0.0063791;0.33312;0;0;0;0;0;0;0;0;0;0;0;0;0
131.5;0.080639;0.0074652;-0.0064262;0.33351;0;0;0;0;0;0;0;0;0;0;0;0;0
132;0.08127;0.0074773;-0.0063934;0.33385;0;0;0;0;0;0;0;0;0;0;0;0;0
132.5;0.081883;0.0075772;-0.0064841;0.33423;0;0;0;0;0;0;0;0;0;0;0;0;0
133;0.082387;0.0075861;-0.006543;0.33461;0;0;0;0;0;0;0;0;0;0;0;0;0
133.5;0.082887;0.0076911;-0.0065244;0.33499;0;0;0;0;0;0;0;0;0;0;0;0;0
134;0.083593;0.00771;-0.0066066;0.33533;0;0;0;0;0;0;0;0;0;0;0;0;0
134.5;0.084022;0.0077289;-0.0066958;0.33572;0;0;0;0;0;0;0;0;0;0;0;0;0
135;0.084652;0.0078377;-0.0067199;0.3361;0;0;0;0;0;0;0;0;0;0;0;0;0
135.5;0.085273;0.0078785;-0.0067855;0.33649;0;0;0;0;0;0;0;0;0;0;0;0;0
136;0.085741;0.0079189;-0.0067732;0.33685;0;0;0;0;0;0;0;0;0;0;0;0;0
136.5;0.086247;0.007955;-0.0068308;0.3372;0;0;0;0;0;0;0;0;0;0;0;0;0
137;0.086901;0.0080239;-0.0069115;0.33757;0;0;0;0;0;0;0;0;0;0;0;0;0
137.5;0.087424;0.0081542;-0.0069331;0.33791;0;0;0;0;0;0;0;0;0;0;0;0;0
138;0.087989;0.0081251;-0.0069578;0.33829;0;0;0;0;0;0;0;0;0;0;0;0;0
138.5;0.088537;0.0082268;-0.0070153;0.33863;0;0;0;0;0;0;0;0;0;0;0;0;0
139;0.089155;0.008219;-0.0070414;0.33899;0;0;0;0;0;0;0;0;0;0;0;0;0
139.5;0.089712;0.0082812;-0.0070966;0.33933;0;0;0;0;0;0;0;0;0;0;0;0;0
140;0.090299;0.0083568;-0.0071674;0.33973;0;0;0;0;0;0;0;0;0;0;0;0;0
140.5;0.090829;0.00847;-0.0071766;0.34003;0;0;0;0;0;0;0;0;0;0;0;0;0
141;0.091406;0.0084952;-0.0072434;0.34038;0;0;0;0;0;0;0;0;0;0;0;0;0
141.5;0.091901;0.0085807;-0.0072916;0.34075;0;0;0;0;0;0;0;0;0;0;0;0;0
142;0.092559;0.0087017;-0.0073471;0.34104;0;0;0;0;0;0;0;0;0;0;0;0;0
142.5;0.093164;0.0086665;-0.0073696;0.34139;0;0;0;0;0;0;0;0;0;0;0;0;0
143;0.093708;0.0087166;-0.0073838;0.34174;0;0;0;0;0;0;0;0;0;0;0;0;0
143.5;0.094224;0.0087349;-0.007494;0.34209;0;0;0;0;0;0;0;0;0;0;0;0;0
144;0.094833;0.008798;-0.0075058;0.34238;0;0;0;0;0;0;0;0;0;0;0;0;0
144.5;0.095483;0.0089029;-0.00753;0.34274;0;0;0;0;0;0;0;0;0;0;0;0;0
145;0.096026;0.0089724;-0.0076447;0.34309;0;0;0;0;0;0;0;0;0;0;0;0;0
145.5;0.096608;0.0090065;-0.0077043;0.34343;0;0;0;0;0;0;0;0;0;0;0;0;0
146;0.097256;0.0090417;-0.0077338;0.34374;0;0;0;0;0;0;0;0;0;0;0;0;0
146.5;0.097702;0.0090476;-0.0077579;0.34407;0;0;0;0;0;0;0;0;0;0;0;0;0
147;0.098349;0.0091672;-0.0077592;0.3444;0;0;0;0;0;0;0;0;0;0;0;0;0
147.5;0.098889;0.0091892;-0.0078789;0.34468;0;0;0;0;0;0;0;0;0;0;0;0;0
148;0.099507;0.009226;-0.0078603;0.34501;0;0;0;0;0;0;0;0;0;0;0;0;0
148.5;0.10014;0.0093681;-0.0078599;0.34533;0;0;0;0;0;0;0;0;0;0;0;0;0
149;0.10045;0.0094919;-0.0079172;0.34566;0;0;0;0;0;0;0;0;0;0;0;0;0
149.5;0.10109;0.0095174;-0.0080162;0.34595;0;0;0;0;0;0;0;0;0;0;0;0;0
150;0.10155;0.0095714;-0.0080205;0.34626;0;0;0;0;0;0;0;0;0;0;0;0;0
150.5;0.10232;0.009652;-0.0081072;0.34658;0;0;0;0;0;0;0;0;0;0;0;0;0
151;0.10284;0.0097516;-0.0081593;0.34688;0;0;0;0;0;0;0;0;0;0;0;0;0
151.5;0.10346;0.0098319;-0.0081479;0.34717;0;0;0;0;0;0;0;0;0;0;0;0;0
152;0.10391;0.009896;-0.0082339;0.34749;0;0;0;0;0;0;0;0;0;0;0;0;0
152.5;0.10453;0.0099121;-0.008198;0.34779;0;0;0;0;0;0;0;0;0;0;0;0;0
153;0.10508;0.0099992;-0.0082168;0.34807;0;0;0;0;0;0;0;0;0;0;0;0;0
153.5;0.10582;0.010074;-0.0083284;0.34835;0;0;0;0;0;0;0;0;0;0;0;0;0
154;0.10624;0.01008;-0.0083173;0.34866;0;0;0;0;0;0;0;0;0;0;0;0;0
154.5;0.10679;0.010161;-0.0084545;0.34896;0;0;0;0;0;0;0;0;0;0;0;0;0
155;0.10743;0.010141;-0.0085035;0.34924;0;0;0;0;0;0;0;0;0;0;0;0;0
155.5;0.10797;0.010346;-0.0084887;0.34952;0;0;0;0;0;0;0;0;0;0;0;0;0
156;0.10859;0.010354;-0.0085626;0.34981;0;0;0;0;0;0;0;0;0;0;0;0;0
156.5;0.10914;0.010456;-0.0086517;0.35009;0;0;0;0;0;0;0;0;0;0;0;0;0
157;0.10968;0.01046;-0.0086421;0.35038;0;0;0;0;0;0;0;0;0;0;0;0;0
157.5;0.11028;0.010525;-0.0087075;0.35065;0;0;0;0;0;0;0;0;0;0;0;0;0
158;0.11083;0.010645;-0.0087483;0.35098;0;0;0;0;0;0;0;0;0;0;0;0;0
158.5;0.11149;0.010686;-0.0088454;0.35122;0;0;0;0;0;0;0;0;0;0;0;0;0
159;0.11195;0.01076;-0.0088566;0.35151;0;0;0;0;0;0;0;0;0;0;0;0;0
159.5;0.11259;0.010866;-0.0088888;0.35177;0;0;0;0;0;0;0;0;0;0;0;0;0
160;0.11323;0.010851;-0.0089882;0.35207;0;0;0;0;0;0;0;0;0;0;0;0;0
160.5;0.11378;0.010914;-0.0090519;0.35232;0;0;0;0;0;0;0;0;0;0;0;0;0
161;0.1144;0.010951;-0.0090371;0.35259;0;0;0;0;0;0;0;0;0;0;0;0;0
161.5;0.11497;0.011072;-0.0090156;0.35287;0;0;0;0;0;0;0;0;0;0;0;0;0
162;0.11537;0.011065;-0.0091133;0.35312;0;0;0;0;0;0;0;0;0;0;0;0;0
162.5;0.1161;0.011175;-0.0091806;0.35337;0;0;0;0;0;0;0;0;0;0;0;0;0
163;0.11667;0.011236;-0.009265;0.35364;0;0;0;0;0;0;0;0;0;0;0;0;0
163.5;0.11727;0.011361;-0.0092985;0.35391;0;0;0;0;0;0;0;0;0;0;0;0;0
164;0.11786;0.011358;-0.0093378;0.35417;0;0;0;0;0;0;0;0;0;0;0;0;0
164.5;0.11848;0.011424;-0.0093657;0.35445;0;0;0;0;0;0;0;0;0;0;0;0;0
165;0.11908;0.011482;-0.0094315;0.35467;0;0;0;0;0;0;0;0;0;0;0;0;0
165.5;0.11956;0.011604;-0.0094228;0.35495;0;0;0;0;0;0;0;0;0;0;0;0;0
166;0.12027;0.011514;-0.0094756;0.35521;0;0;0;0;0;0;0;0;0;0;0;0;0
166.5;0.12061;0.011639;-0.0095954;0.35548;0;0;0;0;0;0;0;0;0;0;0;0;0
167;0.12138;0.011713;-0.0096186;0.3557;0;0;0;0;0;0;0;0;0;0;0;0;0
167.5;0.12197;0.011707;-0.0096207;0.35596;0;0;0;0;0;0;0;0;0;0;0;0;0
168;0.12255;0.011826;-0.0096723;0.35621;0;0;0;0;0;0;0;0;0;0;0;0;0
168.5;0.12298;0.01186;-0.0097733;0.35647;0;0;0;0;0;0;0;0;0;0;0;0;0
169;0.12369;0.012044;-0.0097872;0.35668;0;0;0;0;0;0;0;0;0;0;0;0;0
169.5;0.12394;0.012057;-0.0097804;0.35694;0;0;0;0;0;0;0;0;0;0;0;0;0
170;0.12481;0.012079;-0.0098399;0.3572;0;0;0;0;0;0;0;0;0;0;0;0;0
170.5;0.12556;0.012129;-0.0098916;0.35746;0;0;0;0;0;0;0;0;0;0;0;0;0
171;0.12636;0.012209;-0.0099377;0.35769;0;0;0;0;0;0;0;0;0;0;0;0;0
171.5;0.12654;0.012264;-0.0099273;0.35794;0;0;0;0;0;0;0;0;0;0;0;0;0
172;0.12711;0.012326;-0.010046;0.35819;0;0;0;0;0;0;0;0;0;0;0;0;0
172.5;0.12775;0.012371;-0.010058;0.35844;0;0;0;0;0;0;0;0;0;0;0;0;0
173;0.12837;0.012482;-0.01006;0.35869;0;0;0;0;0;0;0;0;0;0;0;0;0
173.5;0.12904;0.012486;-0.010071;0.35893;0;0;0;0;0;0;0;0;0;0;0;0;0
174;0.12955;0.012572;-0.010101;0.35918;0;0;0;0;0;0;0;0;0;0;0;0;0
174.5;0.1299;0.012691;-0.010196;0.35942;0;0;0;0;0;0;0;0;0;0;0;0;0
175;0.13086;0.012847;-0.010196;0.35962;0;0;0;0;0;0;0;0;0;0;0;0;0
175.5;0.1314;0.012863;-0.010267;0.35988;0;0;0;0;0;0;0;0;0;0;0;0;0
176;0.13194;0.013038;-0.010257;0.36009;0;0;0;0;0;0;0;0;0;0;0;0;0
176.5;0.13246;0.013027;-0.010287;0.36031;0;0;0;0;0;0;0;0;0;0;0;0;0
177;0.13307;0.01305;-0.010371;0.36053;0;0;0;0;0;0;0;0;0;0;0;0;0
177.5;0.13377;0.013122;-0.010363;0.36076;0;0;0;0;0;0;0;0;0;0;0;0;0
178;0.13432;0.01323;-0.010461;0.36097;0;0;0;0;0;0;0;0;0;0;0;0;0
178.5;0.13497;0.013303;-0.010486;0.36118;0;0;0;0;0;0;0;0;0;0;0;0;0
179;0.13554;0.013304;-0.010556;0.36141;0;0;0;0;0;0;0;0;0;0;0;0;0
179.5;0.13603;0.013416;-0.010568;0.36165;0;0;0;0;0;0;0;0;0;0;0;0;0
180;0.1366;0.013451;-0.010563;0.36186;0;0;0;0;0;0;0;0;0;0;0;0;0
180.5;0.13731;0.013488;-0.010646;0.36206;0;0;0;0;0;0;0;0;0;0;0;0;0
181;0.13777;0.013573;-0.010721;0.36229;0;0;0;0;0;0;0;0;0;0;0;0;0
181.5;0.13845;0.013594;-0.01072;0.36249;0;0;0;0;0;0;0;0;0;0;0;0;0
182;0.13891;0.01371;-0.010822;0.3627;0;0;0;0;0;0;0;0;0;0;0;0;0
182.5;0.13957;0.013739;-0.010807;0.36293;0;0;0;0;0;0;0;0;0;0;0;0;0
183;0.14021;0.013756;-0.010868;0.36316;0;0;0;0;0;0;0;0;0;0;0;0;0
183.5;0.14073;0.013891;-0.010887;0.36337;0;0;0;0;0;0;0;0;0;0;0;0;0
184;0.14131;0.013919;-0.010905;0.36356;0;0;0;0;0;0;0;0;0;0;0;0;0
184.5;0.14192;0.014009;-0.01096;0.36379;0;0;0;0;0;0;0;0;0;0;0;0;0
185;0.14258;0.014078;-0.010991;0.36401;0;0;0;0;0;0;0;0;0;0;0;0;0
185.5;0.1432;0.014066;-0.010967;0.36424;0;0;0;0;0;0;0;0;0;0;0;0;0
186;0.14379;0.014124;-0.011023;0.36443;0;0;0;0;0;0;0;0;0;0;0;0;0
186.5;0.14441;0.014259;-0.011084;0.36463;0;0;0;0;0;0;0;0;0;0;0;0;0
187;0.14498;0.014273;-0.011121;0.36483;0;0;0;0;0;0;0;0;0;0;0;0;0
187.5;0.14558;0.014305;-0.011202;0.36503;0;0;0;0;0;0;0;0;0;0;0;0;0
188;0.14613;0.01441;-0.011225;0.36523;0;0;0;0;0;0;0;0;0;0;0;0;0
188.5;0.14676;0.014474;-0.011243;0.36543;0;0;0;0;0;0;0;0;0;0;0;0;0
189;0.14736;0.014505;-0.011314;0.36564;0;0;0;0;0;0;0;0;0;0;0;0;0
189.5;0.14797;0.014611;-0.011338;0.36579;0;0;0;0;0;0;0;0;0;0;0;0;0
190;0.14838;0.01465;-0.011432;0.36602;0;0;0;0;0;0;0;0;0;0;0;0;0
190.5;0.149;0.014746;-0.011394;0.36621;0;0;0;0;0;0;0;0;0;0;0;0;0
191;0.14963;0.014744;-0.011443;0.3664;0;0;0;0;0;0;0;0;0;0;0;0;0
191.5;0.15027;0.014863;-0.011487;0.36661;0;0;0;0;0;0;0;0;0;0;0;0;0
192;0.15094;0.014934;-0.011561;0.36682;0;0;0;0;0;0;0;0;0;0;0;0;0
192.5;0.15141;0.015046;-0.011563;0.36703;0;0;0;0;0;0;0;0;0;0;0;0;0
193;0.15203;0.015032;-0.011611;0.36723;0;0;0;0;0;0;0;0;0;0;0;0;0
193.5;0.1526;0.015072;-0.011598;0.36742;0;0;0;0;0;0;0;0;0;0;0;0;0
194;0.15328;0.015193;-0.011717;0.36762;0;0;0;0;0;0;0;0;0;0;0;0;0
194.5;0.15396;0.015267;-0.011714;0.36782;0;0;0;0;0;0;0;0;0;0;0;0;0
195;0.15459;0.015318;-0.011754;0.36801;0;0;0;0;0;0;0;0;0;0;0;0;0
195.5;0.15499;0.01541;-0.011827;0.36818;0;0;0;0;0;0;0;0;0;0;0;0;0
196;0.15565;0.01545;-0.011884;0.36836;0;0;0;0;0;0;0;0;0;0;0;0;0
196.5;0.15628;0.015544;-0.011937;0.36855;0;0;0;0;0;0;0;0;0;0;0;0;0
197;0.15701;0.015532;-0.011959;0.36872;0;0;0;0;0;0;0;0;0;0;0;0;0
197.5;0.15739;0.015643;-0.01204;0.3689;0;0;0;0;0;0;0;0;0;0;0;0;0
198;0.15807;0.015639;-0.012051;0.3691;0;0;0;0;0;0;0;0;0;0;0;0;0
198.5;0.15875;0.015737;-0.012071;0.36927;0;0;0;0;0;0;0;0;0;0;0;0;0
199;0.15938;0.015814;-0.012131;0.36946;0;0;0;0;0;0;0;0;0;0;0;0;0
199.5;0.15988;0.015914;-0.01219;0.36966;0;0;0;0;0;0;0;0;0;0;0;0;0
200;0.16046;0.015983;-0.012206;0.36982;0;0;0;0;0;0;0;0;0;0;0;0;0
200.5;0.16112;0.01593;-0.012247;0.37;0;0;0;0;0;0;0;0;0;0;0;0;0
201;0.16159;0.016081;-0.012312;0.37019;0;0;0;0;0;0;0;0;0;0;0;0;0
201.5;0.16225;0.016123;-0.012349;0.37036;0;0;0;0;0;0;0;0;0;0;0;0;0
202;0.16294;0.016247;-0.012435;0.37054;0;0;0;0;0;0;0;0;0;0;0;0;0
202.5;0.16351;0.016251;-0.012381;0.37072;0;0;0;0;0;0;0;0;0;0;0;0;0
203;0.16412;0.016377;-0.012476;0.37089;0;0;0;0;0;0;0;0;0;0;0;0;0
203.5;0.16456;0.016467;-0.012493;0.37106;0;0;0;0;0;0;0;0;0;0;0;0;0
204;0.16522;0.016529;-0.012586;0.37123;0;0;0;0;0;0;0;0;0;0;0;0;0
204.5;0.16607;0.016639;-0.012656;0.37141;0;0;0;0;0;0;0;0;0;0;0;0;0
205;0.16651;0.016662;-0.012627;0.37159;0;0;0;0;0;0;0;0;0;0;0;0;0
205.5;0.1671;0.016646;-0.01273;0.37174;0;0;0;0;0;0;0;0;0;0;0;0;0
206;0.16767;0.016805;-0.012769;0.37192;0;0;0;0;0;0;0;0;0;0;0;0;0
206.5;0.16822;0.016925;-0.01277;0.3721;0;0;0;0;0;0;0;0;0;0;0;0;0
207;0.16894;0.016922;-0.012863;0.37227;0;0;0;0;0;0;0;0;0;0;0;0;0
207.5;0.16947;0.017047;-0.012943;0.37243;0;0;0;0;0;0;0;0;0;0;0;0;0
208;0.17014;0.01713;-0.012981;0.37263;0;0;0;0;0;0;0;0;0;0;0;0;0
208.5;0.17068;0.017256;-0.013056;0.37281;0;0;0;0;0;0;0;0;0;0;0;0;0
209;0.17123;0.017272;-0.013049;0.37298;0;0;0;0;0;0;0;0;0;0;0;0;0
209.5;0.17188;0.017324;-0.013076;0.37315;0;0;0;0;0;0;0;0;0;0;0;0;0
210;0.17248;0.017352;-0.013152;0.37333;0;0;0;0;0;0;0;0;0;0;0;0;0
210.5;0.17318;0.017408;-0.013209;0.37351;0;0;0;0;0;0;0;0;0;0;0;0;0
211;0.17384;0.017469;-0.013234;0.37365;0;0;0;0;0;0;0;0;0;0;0;0;0
211.5;0.17437;0.01756;-0.013253;0.37385;0;0;0;0;0;0;0;0;0;0;0;0;0
212;0.1749;0.017643;-0.013323;0.374;0;0;0;0;0;0;0;0;0;0;0;0;0
212.5;0.17549;0.01773;-0.01337;0.37416;0;0;0;0;0;0;0;0;0;0;0;0;0
213;0.1761;0.017776;-0.013473;0.3743;0;0;0;0;0;0;0;0;0;0;0;0;0
213.5;0.17686;0.017809;-0.013512;0.37446;0;0;0;0;0;0;0;0;0;0;0;0;0
214;0.17741;0.017903;-0.013588;0.37462;0;0;0;0;0;0;0;0;0;0;0;0;0
214.5;0.17802;0.017847;-0.013625;0.37478;0;0;0;0;0;0;0;0;0;0;0;0;0
215;0.17862;0.017976;-0.013634;0.37493;0;0;0;0;0;0;0;0;0;0;0;0;0
215.5;0.1792;0.018058;-0.013724;0.37507;0;0;0;0;0;0;0;0;0;0;0;0;0
216;0.17988;0.018161;-0.01371;0.37522;0;0;0;0;0;0;0;0;0;0;0;0;0
216.5;0.18039;0.018233;-0.013851;0.37535;0;0;0;0;0;0;0;0;0;0;0;0;0
217;0.18101;0.018221;-0.013848;0.3755;0;0;0;0;0;0;0;0;0;0;0;0;0
217.5;0.18163;0.018258;-0.013901;0.37565;0;0;0;0;0;0;0;0;0;0;0;0;0
218;0.18231;0.018318;-0.0139;0.37581;0;0;0;0;0;0;0;0;0;0;0;0;0
218.5;0.18282;0.01838;-0.014044;0.37594;0;0;0;0;0;0;0;0;0;0;0;0;0
219;0.18342;0.01847;-0.014062;0.37607;0;0;0;0;0;0;0;0;0;0;0;0;0
219.5;0.1842;0.018499;-0.014078;0.37623;0;0;0;0;0;0;0;0;0;0;0;0;0
220;0.18464;0.018497;-0.014129;0.37636;0;0;0;0;0;0;0;0;0;0;0;0;0
220.5;0.18518;0.018659;-0.01414;0.37651;0;0;0;0;0;0;0;0;0;0;0;0;0
221;0.18583;0.018685;-0.014195;0.37666;0;0;0;0;0;0;0;0;0;0;0;0;0
221.5;0.18647;0.018713;-0.014265;0.37681;0;0;0;0;0;0;0;0;0;0;0;0;0
222;0.18707;0.018777;-0.014293;0.37694;0;0;0;0;0;0;0;0;0;0;0;0;0
222.5;0.18774;0.018789;-0.01442;0.37708;0;0;0;0;0;0;0;0;0;0;0;0;0
223;0.18825;0.018839;-0.01443;0.37724;0;0;0;0;0;0;0;0;0;0;0;0;0
223.5;0.18892;0.018836;-0.014437;0.37738;0;0;0;0;0;0;0;0;0;0;0;0;0
224;0.18954;0.018941;-0.014488;0.37752;0;0;0;0;0;0;0;0;0;0;0;0;0
224.5;0.19011;0.018981;-0.014527;0.37766;0;0;0;0;0;0;0;0;0;0;0;0;0
225;0.19072;0.019028;-0.014645;0.3778;0;0;0;0;0;0;0;0;0;0;0;0;0
225.5;0.19128;0.019179;-0.014636;0.37795;0;0;0;0;0;0;0;0;0;0;0;0;0
226;0.19182;0.019221;-0.014756;0.37807;0;0;0;0;0;0;0;0;0;0;0;0;0
226.5;0.19257;0.01924;-0.014769;0.37821;0;0;0;0;0;0;0;0;0;0;0;0;0
227;0.19304;0.019332;-0.014823;0.37835;0;0;0;0;0;0;0;0;0;0;0;0;0
227.5;0.19373;0.019276;-0.014805;0.37849;0;0;0;0;0;0;0;0;0;0;0;0;0
228;0.19428;0.019363;-0.014859;0.37862;0;0;0;0;0;0;0;0;0;0;0;0;0
228.5;0.19497;0.019462;-0.014955;0.37876;0;0;0;0;0;0;0;0;0;0;0;0;0
229;0.19566;0.019609;-0.01498;0.3789;0;0;0;0;0;0;0;0;0;0;0;0;0
229.5;0.19619;0.019666;-0.015077;0.37902;0;0;0;0;0;0;0;0;0;0;0;0;0
230;0.19678;0.019753;-0.015174;0.37915;0;0;0;0;0;0;0;0;0;0;0;0;0
230.5;0.19727;0.019846;-0.01519;0.37927;0;0;0;0;0;0;0;0;0;0;0;0;0
231;0.19797;0.019911;-0.015239;0.3794;0;0;0;0;0;0;0;0;0;0;0;0;0
231.5;0.19858;0.019936;-0.015242;0.37951;0;0;0;0;0;0;0;0;0;0;0;0;0
232;0.19909;0.019996;-0.015305;0.37965;0;0;0;0;0;0;0;0;0;0;0;0;0
232.5;0.1997;0.020055;-0.015398;0.37977;0;0;0;0;0;0;0;0;0;0;0;0;0
233;0.20035;0.0201;-0.015405;0.37989;0;0;0;0;0;0;0;0;0;0;0;0;0
233.5;0.20096;0.020172;-0.015443;0.38001;0;0;0;0;0;0;0;0;0;0;0;0;0
234;0.20161;0.020345;-0.015502;0.38014;0;0;0;0;0;0;0;0;0;0;0;0;0
234.5;0.20219;0.020406;-0.01557;0.38025;0;0;0;0;0;0;0;0;0;0;0;0;0
235;0.2028;0.020459;-0.015591;0.38037;0;0;0;0;0;0;0;0;0;0;0;0;0
235.5;0.20335;0.020538;-0.015702;0.38049;0;0;0;0;0;0;0;0;0;0;0;0;0
236;0.20402;0.020637;-0.015795;0.38062;0;0;0;0;0;0;0;0;0;0;0;0;0
236.5;0.20471;0.020687;-0.015804;0.38073;0;0;0;0;0;0;0;0;0;0;0;0;0
237;0.20526;0.0207;-0.01584;0.38084;0;0;0;0;0;0;0;0;0;0;0;0;0
237.5;0.20573;0.020766;-0.015936;0.38097;0;0;0;0;0;0;0;0;0;0;0;0;0
238;0.2065;0.020913;-0.01601;0.38109;0;0;0;0;0;0;0;0;0;0;0;0;0
238.5;0.20691;0.020971;-0.016059;0.38119;0;0;0;0;0;0;0;0;0;0;0;0;0
239;0.20773;0.021071;-0.016122;0.38132;0;0;0;0;0;0;0;0;0;0;0;0;0
239.5;0.20836;0.021129;-0.016173;0.38144;0;0;0;0;0;0;0;0;0;0;0;0;0
240;0.20895;0.021268;-0.016168;0.38154;0;0;0;0;0;0;0;0;0;0;0;0;0
240.5;0.20976;0.021288;-0.01621;0.38165;0;0;0;0;0;0;0;0;0;0;0;0;0
241;0.20991;0.021375;-0.016305;0.38177;0;0;0;0;0;0;0;0;0;0;0;0;0
241.5;0.21076;0.021418;-0.016304;0.38188;0;0;0;0;0;0;0;0;0;0;0;0;0
242;0.21133;0.021497;-0.016443;0.38196;0;0;0;0;0;0;0;0;0;0;0;0;0
242.5;0.21192;0.021625;-0.016437;0.38207;0;0;0;0;0;0;0;0;0;0;0;0;0
243;0.21253;0.021682;-0.01653;0.38219;0;0;0;0;0;0;0;0;0;0;0;0;0
243.5;0.21314;0.02183;-0.016613;0.3823;0;0;0;0;0;0;0;0;0;0;0;0;0
244;0.2138;0.021865;-0.016631;0.38242;0;0;0;0;0;0;0;0;0;0;0;0;0
244.5;0.21447;0.021971;-0.016716;0.38252;0;0;0;0;0;0;0;0;0;0;0;0;0
245;0.21502;0.022048;-0.016708;0.38263;0;0;0;0;0;0;0;0;0;0;0;0;0
245.5;0.21562;0.022144;-0.016785;0.38274;0;0;0;0;0;0;0;0;0;0;0;0;0
246;0.21616;0.022148;-0.016781;0.38286;0;0;0;0;0;0;0;0;0;0;0;0;0
246.5;0.21678;0.022238;-0.01687;0.38296;0;0;0;0;0;0;0;0;0;0;0;0;0
247;0.21738;0.022338;-0.016932;0.38308;0;0;0;0;0;0;0;0;0;0;0;0;0
247.5;0.21806;0.022484;-0.016992;0.38318;0;0;0;0;0;0;0;0;0;0;0;0;0
248;0.21865;0.022582;-0.017049;0.38329;0;0;0;0;0;0;0;0;0;0;0;0;0
248.5;0.21915;0.022688;-0.01707;0.38341;0;0;0;0;0;0;0;0;0;0;0;0;0
249;0.21982;0.022744;-0.017187;0.38351;0;0;0;0;0;0;0;0;0;0;0;0;0
249.5;0.22045;0.022785;-0.017197;0.38362;0;0;0;0;0;0;0;0;0;0;0;0;0
250;0.22106;0.022898;-0.017174;0.38374;0;0;0;0;0;0;0;0;0;0;0;0;0
250.5;0.22161;0.022918;-0.017252;0.38385;0;0;0;0;0;0;0;0;0;0;0;0;0
251;0.22236;0.023019;-0.017292;0.38393;0;0;0;0;0;0;0;0;0;0;0;0;0
251.5;0.22288;0.023105;-0.017357;0.38404;0;0;0;0;0;0;0;0;0;0;0;0;0
252;0.22338;0.023266;-0.01747;0.38414;0;0;0;0;0;0;0;0;0;0;0;0;0
252.5;0.22398;0.023283;-0.017424;0.38423;0;0;0;0;0;0;0;0;0;0;0;0;0
253;0.22467;0.023317;-0.01745;0.38433;0;0;0;0;0;0;0;0;0;0;0;0;0
253.5;0.22522;0.023426;-0.017565;0.38441;0;0;0;0;0;0;0;0;0;0;0;0;0
254;0.22569;0.023494;-0.01763;0.3845;0;0;0;0;0;0;0;0;0;0;0;0;0
254.5;0.22646;0.023619;-0.017655;0.38462;0;0;0;0;0;0;0;0;0;0;0;0;0
255;0.22705;0.023741;-0.017644;0.38472;0;0;0;0;0;0;0;0;0;0;0;0;0
255.5;0.22763;0.023774;-0.017783;0.38481;0;0;0;0;0;0;0;0;0;0;0;0;0
256;0.22826;0.023853;-0.017874;0.38491;0;0;0;0;0;0;0;0;0;0;0;0;0
256.5;0.22891;0.023979;-0.017912;0.38502;0;0;0;0;0;0;0;0;0;0;0;0;0
257;0.22953;0.024047;-0.017942;0.38511;0;0;0;0;0;0;0;0;0;0;0;0;0
257.5;0.23001;0.024066;-0.018063;0.38523;0;0;0;0;0;0;0;0;0;0;0;0;0
258;0.23036;0.024124;-0.018082;0.38533;0;0;0;0;0;0;0;0;0;0;0;0;0
258.5;0.23111;0.02423;-0.018069;0.38542;0;0;0;0;0;0;0;0;0;0;0;0;0
259;0.23197;0.024289;-0.018171;0.38552;0;0;0;0;0;0;0;0;0;0;0;0;0
259.5;0.2325;0.024396;-0.018176;0.38562;0;0;0;0;0;0;0;0;0;0;0;0;0
260;0.23308;0.024487;-0.018255;0.38573;0;0;0;0;0;0;0;0;0;0;0;0;0
260.5;0.23379;0.024546;-0.018398;0.38583;0;0;0;0;0;0;0;0;0;0;0;0;0
261;0.23438;0.024635;-0.018382;0.38592;0;0;0;0;0;0;0;0;0;0;0;0;0
261.5;0.23489;0.024738;-0.018492;0.38602;0;0;0;0;0;0;0;0;0;0;0;0;0
262;0.23578;0.024773;-0.018531;0.38613;0;0;0;0;0;0;0;0;0;0;0;0;0
262.5;0.23628;0.024817;-0.018633;0.38622;0;0;0;0;0;0;0;0;0;0;0;0;0
263;0.23677;0.024924;-0.018708;0.38631;0;0;0;0;0;0;0;0;0;0;0;0;0
263.5;0.23752;0.025;-0.018724;0.3864;0;0;0;0;0;0;0;0;0;0;0;0;0
264;0.23802;0.0251;-0.018769;0.38649;0;0;0;0;0;0;0;0;0;0;0;0;0
264.5;0.23864;0.025108;-0.018819;0.38657;0;0;0;0;0;0;0;0;0;0;0;0;0
265;0.23933;0.025182;-0.018871;0.38667;0;0;0;0;0;0;0;0;0;0;0;0;0
265.5;0.23981;0.02534;-0.018936;0.38677;0;0;0;0;0;0;0;0;0;0;0;0;0
266;0.24032;0.025289;-0.019003;0.38685;0;0;0;0;0;0;0;0;0;0;0;0;0
266.5;0.24119;0.025363;-0.019092;0.38693;0;0;0;0;0;0;0;0;0;0;0;0;0
267;0.24148;0.025483;-0.019202;0.38703;0;0;0;0;0;0;0;0;0;0;0;0;0
267.5;0.2422;0.02555;-0.019277;0.38712;0;0;0;0;0;0;0;0;0;0;0;0;0
268;0.24293;0.025588;-0.019284;0.38721;0;0;0;0;0;0;0;0;0;0;0;0;0
268.5;0.24355;0.025775;-0.019338;0.38729;0;0;0;0;0;0;0;0;0;0;0;0;0
269;0.24418;0.025845;-0.019415;0.38737;0;0;0;0;0;0;0;0;0;0;0;0;0
269.5;0.24464;0.025895;-0.019506;0.38745;0;0;0;0;0;0;0;0;0;0;0;0;0
270;0.24565;0.026004;-0.019555;0.38753;0;0;0;0;0;0;0;0;0;0;0;0;0
270.5;0.24625;0.026111;-0.019562;0.38762;0;0;0;0;0;0;0;0;0;0;0;0;0
271;0.24635;0.026174;-0.019686;0.3877;0;0;0;0;0;0;0;0;0;0;0;0;0
271.5;0.24703;0.026297;-0.01977;0.38779;0;0;0;0;0;0;0;0;0;0;0;0;0
272;0.24785;0.026475;-0.019845;0.38786;0;0;0;0;0;0;0;0;0;0;0;0;0
272.5;0.24837;0.026518;-0.019942;0.38794;0;0;0;0;0;0;0;0;0;0;0;0;0
273;0.24923;0.026614;-0.019961;0.38802;0;0;0;0;0;0;0;0;0;0;0;0;0
273.5;0.24981;0.026746;-0.020013;0.38809;0;0;0;0;0;0;0;0;0;0;0;0;0
274;0.2505;0.0269;-0.02005;0.38818;0;0;0;0;0;0;0;0;0;0;0;0;0
274.5;0.25105;0.02692;-0.020123;0.38825;0;0;0;0;0;0;0;0;0;0;0;0;0
275;0.25164;0.027068;-0.020206;0.38832;0;0;0;0;0;0;0;0;0;0;0;0;0
275.5;0.25235;0.027089;-0.020144;0.38837;0;0;0;0;0;0;0;0;0;0;0;0;0
276;0.25297;0.027235;-0.020262;0.38845;0;0;0;0;0;0;0;0;0;0;0;0;0
276.5;0.25366;0.027357;-0.020332;0.38853;0;0;0;0;0;0;0;0;0;0;0;0;0
277;0.25418;0.027362;-0.020442;0.3886;0;0;0;0;0;0;0;0;0;0;0;0;0
277.5;0.25483;0.027416;-0.020457;0.38868;0;0;0;0;0;0;0;0;0;0;0;0;0
278;0.25552;0.027508;-0.020491;0.38875;0;0;0;0;0;0;0;0;0;0;0;0;0
278.5;0.25617;0.027608;-0.020563;0.38882;0;0;0;0;0;0;0;0;0;0;0;0;0
279;0.25676;0.027751;-0.020595;0.3889;0;0;0;0;0;0;0;0;0;0;0;0;0
279.5;0.25726;0.027764;-0.020652;0.38898;0;0;0;0;0;0;0;0;0;0;0;0;0
280;0.25806;0.027876;-0.020669;0.38905;0;0;0;0;0;0;0;0;0;0;0;0;0
280.5;0.25861;0.027924;-0.020744;0.38913;0;0;0;0;0;0;0;0;0;0;0;0;0
281;0.25923;0.028071;-0.020788;0.38921;0;0;0;0;0;0;0;0;0;0;0;0;0
281.5;0.25993;0.028135;-0.020813;0.38928;0;0;0;0;0;0;0;0;0;0;0;0;0
282;0.26048;0.028125;-0.020984;0.38934;0;0;0;0;0;0;0;0;0;0;0;0;0
282.5;0.26114;0.028215;-0.020924;0.38941;0;0;0;0;0;0;0;0;0;0;0;0;0
283;0.26179;0.028344;-0.021043;0.38947;0;0;0;0;0;0;0;0;0;0;0;0;0
283.5;0.26231;0.028429;-0.021081;0.38954;0;0;0;0;0;0;0;0;0;0;0;0;0
284;0.26306;0.028511;-0.021166;0.38959;0;0;0;0;0;0;0;0;0;0;0;0;0
284.5;0.26359;0.028565;-0.021156;0.38966;0;0;0;0;0;0;0;0;0;0;0;0;0
285;0.2642;0.028635;-0.021204;0.38972;0;0;0;0;0;0;0;0;0;0;0;0;0
285.5;0.26482;0.028753;-0.021223;0.38977;0;0;0;0;0;0;0;0;0;0;0;0;0
286;0.26534;0.028735;-0.021309;0.38983;0;0;0;0;0;0;0;0;0;0;0;0;0
286.5;0.26606;0.028826;-0.021339;0.38989;0;0;0;0;0;0;0;0;0;0;0;0;0
287;0.26668;0.028962;-0.021411;0.38995;0;0;0;0;0;0;0;0;0;0;0;0;0
287.5;0.26723;0.029026;-0.021483;0.39002;0;0;0;0;0;0;0;0;0;0;0;0;0
288;0.2679;0.029029;-0.021528;0.39009;0;0;0;0;0;0;0;0;0;0;0;0;0
288.5;0.26846;0.0292;-0.021546;0.39015;0;0;0;0;0;0;0;0;0;0;0;0;0
289;0.26916;0.029239;-0.021629;0.39021;0;0;0;0;0;0;0;0;0;0;0;0;0
289.5;0.26977;0.029332;-0.021672;0.39028;0;0;0;0;0;0;0;0;0;0;0;0;0
290;0.2703;0.029404;-0.021685;0.39034;0;0;0;0;0;0;0;0;0;0;0;0;0
290.5;0.27097;0.029465;-0.021742;0.39041;0;0;0;0;0;0;0;0;0;0;0;0;0
291;0.27155;0.029567;-0.021878;0.39046;0;0;0;0;0;0;0;0;0;0;0;0;0
291.5;0.27229;0.029696;-0.02184;0.39053;0;0;0;0;0;0;0;0;0;0;0;0;0
292;0.27289;0.02979;-0.021921;0.39059;0;0;0;0;0;0;0;0;0;0;0;0;0
292.5;0.2735;0.029891;-0.022043;0.39066;0;0;0;0;0;0;0;0;0;0;0;0;0
293;0.27405;0.02991;-0.022092;0.39072;0;0;0;0;0;0;0;0;0;0;0;0;0
293.5;0.27491;0.030049;-0.022117;0.39077;0;0;0;0;0;0;0;0;0;0;0;0;0
294;0.27556;0.030209;-0.022199;0.39082;0;0;0;0;0;0;0;0;0;0;0;0;0
294.5;0.27603;0.030256;-0.022209;0.39088;0;0;0;0;0;0;0;0;0;0;0;0;0
295;0.27655;0.030437;-0.022301;0.39094;0;0;0;0;0;0;0;0;0;0;0;0;0
295.5;0.27733;0.030486;-0.022404;0.391;0;0;0;0;0;0;0;0;0;0;0;0;0
296;0.27801;0.030579;-0.022425;0.39106;0;0;0;0;0;0;0;0;0;0;0;0;0
296.5;0.27861;0.030578;-0.022527;0.39113;0;0;0;0;0;0;0;0;0;0;0;0;0
297;0.27926;0.03079;-0.022515;0.39118;0;0;0;0;0;0;0;0;0;0;0;0;0
297.5;0.27999;0.030883;-0.022614;0.39125;0;0;0;0;0;0;0;0;0;0;0;0;0
298;0.28052;0.030992;-0.022605;0.39129;0;0;0;0;0;0;0;0;0;0;0;0;0
298.5;0.28121;0.031121;-0.022701;0.39135;0;0;0;0;0;0;0;0;0;0;0;0;0
299;0.28189;0.031238;-0.022712;0.3914;0;0;0;0;0;0;0;0;0;0;0;0;0
299.5;0.28239;0.031278;-0.022808;0.39146;0;0;0;0;0;0;0;0;0;0;0;0;0
300;0.28311;0.03143;-0.022911;0.39151;0;0;0;0;0;0;0;0;0;0;0;0;0
300.5;0.2836;0.031528;-0.02293;0.39156;0;0;0;0;0;0;0;0;0;0;0;0;0
301;0.2843;0.031641;-0.022993;0.39162;0;0;0;0;0;0;0;0;0;0;0;0;0
301.5;0.28489;0.031669;-0.023047;0.39166;0;0;0;0;0;0;0;0;0;0;0;0;0
302;0.28551;0.031775;-0.023136;0.39171;0;0;0;0;0;0;0;0;0;0;0;0;0
302.5;0.28619;0.031866;-0.023133;0.39175;0;0;0;0;0;0;0;0;0;0;0;0;0
303;0.28685;0.031911;-0.023157;0.3918;0;0;0;0;0;0;0;0;0;0;0;0;0
303.5;0.28738;0.032054;-0.023283;0.39185;0;0;0;0;0;0;0;0;0;0;0;0;0
304;0.28805;0.032125;-0.023278;0.39189;0;0;0;0;0;0;0;0;0;0;0;0;0
304.5;0.28867;0.032168;-0.023318;0.39195;0;0;0;0;0;0;0;0;0;0;0;0;0
305;0.28939;0.032355;-0.023358;0.392;0;0;0;0;0;0;0;0;0;0;0;0;0
305.5;0.28997;0.032455;-0.023499;0.39207;0;0;0;0;0;0;0;0;0;0;0;0;0
306;0.29072;0.032518;-0.023554;0.39212;0;0;0;0;0;0;0;0;0;0;0;0;0
306.5;0.29135;0.032659;-0.023574;0.39218;0;0;0;0;0;0;0;0;0;0;0;0;0
307;0.29182;0.032742;-0.023658;0.39224;0;0;0;0;0;0;0;0;0;0;0;0;0
307.5;0.29264;0.032946;-0.023721;0.39228;0;0;0;0;0;0;0;0;0;0;0;0;0
308;0.29304;0.032969;-0.02374;0.39233;0;0;0;0;0;0;0;0;0;0;0;0;0
308.5;0.29376;0.033142;-0.023749;0.39238;0;0;0;0;0;0;0;0;0;0;0;0;0
309;0.29457;0.033237;-0.023769;0.39243;0;0;0;0;0;0;0;0;0;0;0;0;0
309.5;0.29511;0.033419;-0.02384;0.39247;0;0;0;0;0;0;0;0;0;0;0;0;0
310;0.29561;0.033491;-0.023915;0.39251;0;0;0;0;0;0;0;0;0;0;0;0;0
310.5;0.2964;0.033614;-0.023884;0.39257;0;0;0;0;0;0;0;0;0;0;0;0;0
311;0.29701;0.033695;-0.024018;0.39261;0;0;0;0;0;0;0;0;0;0;0;0;0
311.5;0.29774;0.033883;-0.024062;0.39265;0;0;0;0;0;0;0;0;0;0;0;0;0
312;0.29833;0.034007;-0.02415;0.3927;0;0;0;0;0;0;0;0;0;0;0;0;0
312.5;0.29897;0.034086;-0.024179;0.39274;0;0;0;0;0;0;0;0;0;0;0;0;0
313;0.29962;0.034243;-0.024211;0.39278;0;0;0;0;0;0;0;0;0;0;0;0;0
313.5;0.30035;0.034359;-0.024258;0.39283;0;0;0;0;0;0;0;0;0;0;0;0;0
314;0.30084;0.034477;-0.024289;0.39286;0;0;0;0;0;0;0;0;0;0;0;0;0
314.5;0.30147;0.034663;-0.024348;0.3929;0;0;0;0;0;0;0;0;0;0;0;0;0
315;0.30205;0.034803;-0.024412;0.39295;0;0;0;0;0;0;0;0;0;0;0;0;0
315.5;0.30287;0.034855;-0.024419;0.393;0;0;0;0;0;0;0;0;0;0;0;0;0
316;0.30341;0.034962;-0.024548;0.39304;0;0;0;0;0;0;0;0;0;0;0;0;0
316.5;0.30411;0.035144;-0.024588;0.39308;0;0;0;0;0;0;0;0;0;0;0;0;0
317;0.3047;0.035217;-0.024661;0.39311;0;0;0;0;0;0;0;0;0;0;0;0;0
317.5;0.30534;0.035334;-0.024693;0.39315;0;0;0;0;0;0;0;0;0;0;0;0;0
318;0.30597;0.03538;-0.024712;0.39318;0;0;0;0;0;0;0;0;0;0;0;0;0
318.5;0.30669;0.035585;-0.024823;0.39321;0;0;0;0;0;0;0;0;0;0;0;0;0
319;0.30727;0.035681;-0.024841;0.39323;0;0;0;0;0;0;0;0;0;0;0;0;0
319.5;0.30795;0.035826;-0.024923;0.39327;0;0;0;0;0;0;0;0;0;0;0;0;0
320;0.30855;0.035882;-0.024968;0.3933;0;0;0;0;0;0;0;0;0;0;0;0;0
320.5;0.30917;0.036065;-0.02503;0.39332;0;0;0;0;0;0;0;0;0;0;0;0;0
321;0.30992;0.036188;-0.025053;0.39336;0;0;0;0;0;0;0;0;0;0;0;0;0
321.5;0.31054;0.036254;-0.025102;0.39338;0;0;0;0;0;0;0;0;0;0;0;0;0
322;0.31126;0.036462;-0.02518;0.39342;0;0;0;0;0;0;0;0;0;0;0;0;0
322.5;0.31182;0.036469;-0.02522;0.39345;0;0;0;0;0;0;0;0;0;0;0;0;0
323;0.31234;0.036625;-0.025256;0.39348;0;0;0;0;0;0;0;0;0;0;0;0;0
323.5;0.31286;0.036709;-0.025317;0.39351;0;0;0;0;0;0;0;0;0;0;0;0;0
324;0.31366;0.036862;-0.02538;0.39354;0;0;0;0;0;0;0;0;0;0;0;0;0
324.5;0.31438;0.03694;-0.025383;0.39357;0;0;0;0;0;0;0;0;0;0;0;0;0
325;0.31485;0.037036;-0.025491;0.39359;0;0;0;0;0;0;0;0;0;0;0;0;0
325.5;0.31562;0.037063;-0.025526;0.39362;0;0;0;0;0;0;0;0;0;0;0;0;0
326;0.31607;0.037178;-0.025547;0.39364;0;0;0;0;0;0;0;0;0;0;0;0;0
326.5;0.31687;0.037338;-0.025648;0.39367;0;0;0;0;0;0;0;0;0;0;0;0;0
327;0.31753;0.037426;-0.025679;0.39369;0;0;0;0;0;0;0;0;0;0;0;0;0
327.5;0.31798;0.037533;-0.025709;0.39371;0;0;0;0;0;0;0;0;0;0;0;0;0
328;0.31882;0.037668;-0.025769;0.39373;0;0;0;0;0;0;0;0;0;0;0;0;0
328.5;0.31937;0.037788;-0.025892;0.39376;0;0;0;0;0;0;0;0;0;0;0;0;0
329;0.31996;0.037842;-0.025826;0.39378;0;0;0;0;0;0;0;0;0;0;0;0;0
329.5;0.32053;0.038023;-0.025889;0.39381;0;0;0;0;0;0;0;0;0;0;0;0;0
330;0.32121;0.038105;-0.025992;0.39381;0;0;0;0;0;0;0;0;0;0;0;0;0
330.5;0.32192;0.038227;-0.025983;0.39383;0;0;0;0;0;0;0;0;0;0;0;0;0
331;0.32247;0.038352;-0.025972;0.39385;0;0;0;0;0;0;0;0;0;0;0;0;0
331.5;0.32322;0.038396;-0.026086;0.39387;0;0;0;0;0;0;0;0;0;0;0;0;0
332;0.32373;0.038542;-0.026138;0.39388;0;0;0;0;0;0;0;0;0;0;0;0;0
332.5;0.32436;0.038624;-0.026196;0.3939;0;0;0;0;0;0;0;0;0;0;0;0;0
333;0.32504;0.038777;-0.026281;0.39391;0;0;0;0;0;0;0;0;0;0;0;0;0
333.5;0.32566;0.038892;-0.026221;0.39392;0;0;0;0;0;0;0;0;0;0;0;0;0
334;0.32626;0.038961;-0.026365;0.39395;0;0;0;0;0;0;0;0;0;0;0;0;0
334.5;0.32694;0.039165;-0.026424;0.39397;0;0;0;0;0;0;0;0;0;0;0;0;0
335;0.32751;0.03926;-0.026471;0.39399;0;0;0;0;0;0;0;0;0;0;0;0;0
335.5;0.32812;0.039344;-0.026512;0.394;0;0;0;0;0;0;0;0;0;0;0;0;0
336;0.32877;0.039485;-0.02656;0.39402;0;0;0;0;0;0;0;0;0;0;0;0;0
336.5;0.32941;0.039669;-0.02664;0.39404;0;0;0;0;0;0;0;0;0;0;0;0;0
337;0.32999;0.039771;-0.026725;0.39405;0;0;0;0;0;0;0;0;0;0;0;0;0
337.5;0.33065;0.039946;-0.026733;0.39407;0;0;0;0;0;0;0;0;0;0;0;0;0
338;0.33138;0.040048;-0.026808;0.39408;0;0;0;0;0;0;0;0;0;0;0;0;0
338.5;0.33202;0.040234;-0.026861;0.3941;0;0;0;0;0;0;0;0;0;0;0;0;0
339;0.33267;0.04034;-0.026924;0.39412;0;0;0;0;0;0;0;0;0;0;0;0;0
339.5;0.33325;0.040499;-0.026961;0.39413;0;0;0;0;0;0;0;0;0;0;0;0;0
340;0.33395;0.040629;-0.027018;0.39414;0;0;0;0;0;0;0;0;0;0;0;0;0
340.5;0.33468;0.040689;-0.027078;0.39414;0;0;0;0;0;0;0;0;0;0;0;0;0
341;0.33504;0.040877;-0.027194;0.39415;0;0;0;0;0;0;0;0;0;0;0;0;0
341.5;0.33592;0.040985;-0.027163;0.39417;0;0;0;0;0;0;0;0;0;0;0;0;0
342;0.33634;0.041123;-0.02725;0.39418;0;0;0;0;0;0;0;0;0;0;0;0;0
342.5;0.33713;0.041204;-0.027255;0.39419;0;0;0;0;0;0;0;0;0;0;0;0;0
343;0.33774;0.041349;-0.027349;0.3942;0;0;0;0;0;0;0;0;0;0;0;0;0
343.5;0.33831;0.041503;-0.027421;0.3942;0;0;0;0;0;0;0;0;0;0;0;0;0
344;0.33894;0.041645;-0.027475;0.39422;0;0;0;0;0;0;0;0;0;0;0;0;0
344.5;0.33959;0.041767;-0.027519;0.39423;0;0;0;0;0;0;0;0;0;0;0;0;0
345;0.3403;0.041869;-0.02756;0.39425;0;0;0;0;0;0;0;0;0;0;0;0;0
345.5;0.3409;0.041953;-0.027622;0.39426;0;0;0;0;0;0;0;0;0;0;0;0;0
346;0.34164;0.042062;-0.027615;0.39427;0;0;0;0;0;0;0;0;0;0;0;0;0
346.5;0.34222;0.042179;-0.027733;0.39428;0;0;0;0;0;0;0;0;0;0;0;0;0
347;0.34294;0.042261;-0.027791;0.39429;0;0;0;0;0;0;0;0;0;0;0;0;0
347.5;0.34346;0.042433;-0.027801;0.39431;0;0;0;0;0;0;0;0;0;0;0;0;0
348;0.34425;0.042521;-0.027907;0.39433;0;0;0;0;0;0;0;0;0;0;0;0;0
348.5;0.34477;0.042624;-0.028013;0.39434;0;0;0;0;0;0;0;0;0;0;0;0;0
349;0.3453;0.042727;-0.027985;0.39435;0;0;0;0;0;0;0;0;0;0;0;0;0
349.5;0.34598;0.042851;-0.028058;0.39436;0;0;0;0;0;0;0;0;0;0;0;0;0
350;0.34651;0.043036;-0.028137;0.39437;0;0;0;0;0;0;0;0;0;0;0;0;0
350.5;0.34724;0.043184;-0.028174;0.39438;0;0;0;0;0;0;0;0;0;0;0;0;0
351;0.34783;0.04324;-0.028234;0.39438;0;0;0;0;0;0;0;0;0;0;0;0;0
351.5;0.34863;0.043396;-0.028305;0.39439;0;0;0;0;0;0;0;0;0;0;0;0;0
352;0.3493;0.043493;-0.028398;0.39439;0;0;0;0;0;0;0;0;0;0;0;0;0
352.5;0.34983;0.043589;-0.028432;0.3944;0;0;0;0;0;0;0;0;0;0;0;0;0
353;0.35038;0.043685;-0.028469;0.39441;0;0;0;0;0;0;0;0;0;0;0;0;0
353.5;0.35112;0.043808;-0.0286;0.39441;0;0;0;0;0;0;0;0;0;0;0;0;0
354;0.35182;0.043857;-0.028659;0.39442;0;0;0;0;0;0;0;0;0;0;0;0;0
354.5;0.35227;0.044007;-0.028742;0.39443;0;0;0;0;0;0;0;0;0;0;0;0;0
355;0.35295;0.044243;-0.028814;0.39443;0;0;0;0;0;0;0;0;0;0;0;0;0
355.5;0.35363;0.044429;-0.028848;0.39444;0;0;0;0;0;0;0;0;0;0;0;0;0
356;0.35453;0.0446;-0.028918;0.39444;0;0;0;0;0;0;0;0;0;0;0;0;0
356.5;0.35509;0.044756;-0.02894;0.39444;0;0;0;0;0;0;0;0;0;0;0;0;0
357;0.35568;0.044963;-0.029074;0.39444;0;0;0;0;0;0;0;0;0;0;0;0;0
357.5;0.35632;0.045134;-0.029085;0.39444;0;0;0;0;0;0;0;0;0;0;0;0;0
358;0.35704;0.045308;-0.029133;0.39444;0;0;0;0;0;0;0;0;0;0;0;0;0
358.5;0.35742;0.04556;-0.029238;0.39445;0;0;0;0;0;0;0;0;0;0;0;0;0
359;0.35819;0.045718;-0.029256;0.39446;0;0;0;0;0;0;0;0;0;0;0;0;0
359.5;0.3587;0.045928;-0.029346;0.39446;0;0;0;0;0;0;0;0;0;0;0;0;0
360;0.35949;0.046129;-0.029472;0.39447;0;0;0;0;0;0;0;0;0;0;0;0;0
360.5;0.35968;0.046203;-0.029484;0.39447;0;0;0;0;0;0;0;0;0;0;0;0;0
361;0.36078;0.046424;-0.029579;0.39448;0;0;0;0;0;0;0;0;0;0;0;0;0
361.5;0.36131;0.046574;-0.029664;0.39448;0;0;0;0;0;0;0;0;0;0;0;0;0
362;0.36183;0.046751;-0.029693;0.39448;0;0;0;0;0;0;0;0;0;0;0;0;0
362.5;0.36271;0.046955;-0.029799;0.39446;0;0;0;0;0;0;0;0;0;0;0;0;0
363;0.3633;0.047131;-0.029819;0.39446;0;0;0;0;0;0;0;0;0;0;0;0;0
363.5;0.36393;0.047264;-0.029807;0.39446;0;0;0;0;0;0;0;0;0;0;0;0;0
364;0.36456;0.047408;-0.029905;0.39447;0;0;0;0;0;0;0;0;0;0;0;0;0
364.5;0.36519;0.047584;-0.030013;0.39447;0;0;0;0;0;0;0;0;0;0;0;0;0
365;0.36581;0.047713;-0.030106;0.39446;0;0;0;0;0;0;0;0;0;0;0;0;0
365.5;0.36649;0.0479;-0.030176;0.39447;0;0;0;0;0;0;0;0;0;0;0;0;0
366;0.36713;0.048028;-0.030235;0.39447;0;0;0;0;0;0;0;0;0;0;0;0;0
366.5;0.3678;0.048192;-0.030353;0.39447;0;0;0;0;0;0;0;0;0;0;0;0;0
367;0.36841;0.048325;-0.030345;0.39447;0;0;0;0;0;0;0;0;0;0;0;0;0
367.5;0.36906;0.048489;-0.030443;0.39446;0;0;0;0;0;0;0;0;0;0;0;0;0
368;0.36978;0.04856;-0.030519;0.39446;0;0;0;0;0;0;0;0;0;0;0;0;0
368.5;0.37048;0.048761;-0.030557;0.39445;0;0;0;0;0;0;0;0;0;0;0;0;0
369;0.37114;0.048905;-0.03065;0.39445;0;0;0;0;0;0;0;0;0;0;0;0;0
369.5;0.37172;0.04907;-0.0307;0.39444;0;0;0;0;0;0;0;0;0;0;0;0;0
370;0.37197;0.049191;-0.030727;0.39444;0;0;0;0;0;0;0;0;0;0;0;0;0
370.5;0.37302;0.04941;-0.03089;0.39444;0;0;0;0;0;0;0;0;0;0;0;0;0
371;0.37354;0.049427;-0.03093;0.39442;0;0;0;0;0;0;0;0;0;0;0;0;0
371.5;0.37433;0.049624;-0.031071;0.39441;0;0;0;0;0;0;0;0;0;0;0;0;0
372;0.37509;0.049745;-0.031078;0.39441;0;0;0;0;0;0;0;0;0;0;0;0;0
372.5;0.3756;0.049955;-0.031194;0.39441;0;0;0;0;0;0;0;0;0;0;0;0;0
373;0.37622;0.050067;-0.031283;0.3944;0;0;0;0;0;0;0;0;0;0;0;0;0
373.5;0.37671;0.050171;-0.031365;0.39439;0;0;0;0;0;0;0;0;0;0;0;0;0
374;0.3774;0.050317;-0.031405;0.39439;0;0;0;0;0;0;0;0;0;0;0;0;0
374.5;0.37815;0.050473;-0.031479;0.39438;0;0;0;0;0;0;0;0;0;0;0;0;0
375;0.37865;0.050621;-0.031518;0.39437;0;0;0;0;0;0;0;0;0;0;0;0;0
375.5;0.37937;0.050694;-0.031601;0.39437;0;0;0;0;0;0;0;0;0;0;0;0;0
376;0.38;0.050945;-0.031688;0.39436;0;0;0;0;0;0;0;0;0;0;0;0;0
376.5;0.38059;0.05113;-0.031736;0.39435;0;0;0;0;0;0;0;0;0;0;0;0;0
377;0.38132;0.051285;-0.031798;0.39434;0;0;0;0;0;0;0;0;0;0;0;0;0
377.5;0.38197;0.051548;-0.031872;0.39432;0;0;0;0;0;0;0;0;0;0;0;0;0
378;0.38267;0.051737;-0.031984;0.39431;0;0;0;0;0;0;0;0;0;0;0;0;0
378.5;0.38326;0.05193;-0.032036;0.39431;0;0;0;0;0;0;0;0;0;0;0;0;0
379;0.38396;0.052035;-0.032115;0.39431;0;0;0;0;0;0;0;0;0;0;0;0;0
379.5;0.38458;0.052266;-0.032182;0.39431;0;0;0;0;0;0;0;0;0;0;0;0;0
380;0.38517;0.05234;-0.032203;0.3943;0;0;0;0;0;0;0;0;0;0;0;0;0
380.5;0.38581;0.052569;-0.032324;0.3943;0;0;0;0;0;0;0;0;0;0;0;0;0
381;0.38651;0.052714;-0.032346;0.39429;0;0;0;0;0;0;0;0;0;0;0;0;0
381.5;0.38709;0.05287;-0.032436;0.39429;0;0;0;0;0;0;0;0;0;0;0;0;0
382;0.3877;0.053051;-0.032562;0.39429;0;0;0;0;0;0;0;0;0;0;0;0;0
382.5;0.38852;0.053208;-0.032538;0.39428;0;0;0;0;0;0;0;0;0;0;0;0;0
383;0.38907;0.053406;-0.032637;0.39426;0;0;0;0;0;0;0;0;0;0;0;0;0
383.5;0.38973;0.053596;-0.032765;0.39424;0;0;0;0;0;0;0;0;0;0;0;0;0
384;0.39029;0.053745;-0.032834;0.39422;0;0;0;0;0;0;0;0;0;0;0;0;0
384.5;0.39082;0.053988;-0.032904;0.39421;0;0;0;0;0;0;0;0;0;0;0;0;0
385;0.39175;0.054212;-0.03292;0.39421;0;0;0;0;0;0;0;0;0;0;0;0;0
385.5;0.39226;0.05435;-0.033014;0.3942;0;0;0;0;0;0;0;0;0;0;0;0;0
386;0.3927;0.054633;-0.033088;0.39419;0;0;0;0;0;0;0;0;0;0;0;0;0
386.5;0.39351;0.054854;-0.033206;0.39418;0;0;0;0;0;0;0;0;0;0;0;0;0
387;0.39442;0.055057;-0.033269;0.39417;0;0;0;0;0;0;0;0;0;0;0;0;0
387.5;0.39497;0.055327;-0.033287;0.39417;0;0;0;0;0;0;0;0;0;0;0;0;0
388;0.39538;0.055602;-0.033401;0.39416;0;0;0;0;0;0;0;0;0;0;0;0;0
388.5;0.39622;0.055804;-0.033528;0.39415;0;0;0;0;0;0;0;0;0;0;0;0;0
389;0.39683;0.055896;-0.033618;0.39414;0;0;0;0;0;0;0;0;0;0;0;0;0
389.5;0.39734;0.056101;-0.033666;0.39413;0;0;0;0;0;0;0;0;0;0;0;0;0
390;0.39793;0.05632;-0.033754;0.39412;0;0;0;0;0;0;0;0;0;0;0;0;0
390.5;0.39857;0.056492;-0.03382;0.39412;0;0;0;0;0;0;0;0;0;0;0;0;0
391;0.39951;0.056704;-0.03391;0.39411;0;0;0;0;0;0;0;0;0;0;0;0;0
391.5;0.39981;0.056923;-0.034032;0.3941;0;0;0;0;0;0;0;0;0;0;0;0;0
392;0.40064;0.057102;-0.034081;0.3941;0;0;0;0;0;0;0;0;0;0;0;0;0
392.5;0.40132;0.057307;-0.034148;0.39409;0;0;0;0;0;0;0;0;0;0;0;0;0
393;0.40196;0.057511;-0.034252;0.39409;0;0;0;0;0;0;0;0;0;0;0;0;0
393.5;0.40263;0.057751;-0.034276;0.39408;0;0;0;0;0;0;0;0;0;0;0;0;0
394;0.40322;0.057922;-0.034379;0.39406;0;0;0;0;0;0;0;0;0;0;0;0;0
394.5;0.4039;0.058166;-0.034455;0.39405;0;0;0;0;0;0;0;0;0;0;0;0;0
395;0.40451;0.058352;-0.034531;0.39404;0;0;0;0;0;0;0;0;0;0;0;0;0
395.5;0.40528;0.058669;-0.034659;0.39404;0;0;0;0;0;0;0;0;0;0;0;0;0
396;0.40589;0.058839;-0.034744;0.39403;0;0;0;0;0;0;0;0;0;0;0;0;0
396.5;0.40649;0.05907;-0.034754;0.39402;0;0;0;0;0;0;0;0;0;0;0;0;0
397;0.40716;0.059297;-0.034928;0.39401;0;0;0;0;0;0;0;0;0;0;0;0;0
397.5;0.40776;0.059454;-0.034998;0.39401;0;0;0;0;0;0;0;0;0;0;0;0;0
398;0.40841;0.059735;-0.035017;0.394;0;0;0;0;0;0;0;0;0;0;0;0;0
398.5;0.40894;0.059979;-0.035138;0.394;0;0;0;0;0;0;0;0;0;0;0;0;0
399;0.40976;0.060047;-0.03521;0.39399;0;0;0;0;0;0;0;0;0;0;0;0;0
399.5;0.41029;0.060276;-0.035328;0.39398;0;0;0;0;0;0;0;0;0;0;0;0;0
400;0.41098;0.060504;-0.035374;0.39398;0;0;0;0;0;0;0;0;0;0;0;0;0
400.5;0.41163;0.060707;-0.035476;0.39397;0;0;0;0;0;0;0;0;0;0;0;0;0
401;0.41219;0.060979;-0.035525;0.39397;0;0;0;0;0;0;0;0;0;0;0;0;0
401.5;0.4129;0.061133;-0.035602;0.39396;0;0;0;0;0;0;0;0;0;0;0;0;0
402;0.41357;0.061406;-0.035752;0.39395;0;0;0;0;0;0;0;0;0;0;0;0;0
402.5;0.41425;0.061541;-0.035847;0.39394;0;0;0;0;0;0;0;0;0;0;0;0;0
403;0.41474;0.061867;-0.035875;0.39393;0;0;0;0;0;0;0;0;0;0;0;0;0
403.5;0.41569;0.062085;-0.03602;0.39393;0;0;0;0;0;0;0;0;0;0;0;0;0
404;0.41622;0.062292;-0.036079;0.39392;0;0;0;0;0;0;0;0;0;0;0;0;0
404.5;0.41697;0.062485;-0.036213;0.39391;0;0;0;0;0;0;0;0;0;0;0;0;0
405;0.41756;0.062652;-0.036296;0.39391;0;0;0;0;0;0;0;0;0;0;0;0;0
405.5;0.4181;0.062871;-0.036338;0.39391;0;0;0;0;0;0;0;0;0;0;0;0;0
406;0.41884;0.063021;-0.03641;0.39391;0;0;0;0;0;0;0;0;0;0;0;0;0
406.5;0.4194;0.06325;-0.0365;0.39391;0;0;0;0;0;0;0;0;0;0;0;0;0
407;0.42016;0.063393;-0.036598;0.39392;0;0;0;0;0;0;0;0;0;0;0;0;0
407.5;0.42078;0.063538;-0.036653;0.39392;0;0;0;0;0;0;0;0;0;0;0;0;0
408;0.42143;0.063658;-0.036828;0.39391;0;0;0;0;0;0;0;0;0;0;0;0;0
408.5;0.42204;0.063842;-0.036888;0.3939;0;0;0;0;0;0;0;0;0;0;0;0;0
409;0.42273;0.063964;-0.036955;0.39389;0;0;0;0;0;0;0;0;0;0;0;0;0
409.5;0.42349;0.064185;-0.03713;0.39387;0;0;0;0;0;0;0;0;0;0;0;0;0
410;0.42419;0.064516;-0.037161;0.39386;0;0;0;0;0;0;0;0;0;0;0;0;0
410.5;0.42472;0.064725;-0.037302;0.39385;0;0;0;0;0;0;0;0;0;0;0;0;0
411;0.42548;0.06486;-0.037412;0.39384;0;0;0;0;0;0;0;0;0;0;0;0;0
411.5;0.42608;0.065126;-0.037504;0.39382;0;0;0;0;0;0;0;0;0;0;0;0;0
412;0.42658;0.065356;-0.037534;0.39381;0;0;0;0;0;0;0;0;0;0;0;0;0
412.5;0.42734;0.066012;-0.037699;0.3938;0;0;0;0;0;0;0;0;0;0;0;0;0
413;0.42802;0.066262;-0.037778;0.39379;0;0;0;0;0;0;0;0;0;0;0;0;0
413.5;0.42852;0.066514;-0.037842;0.39378;0;0;0;0;0;0;0;0;0;0;0;0;0
414;0.42917;0.066656;-0.037961;0.39378;0;0;0;0;0;0;0;0;0;0;0;0;0
414.5;0.42986;0.066897;-0.038071;0.39377;0;0;0;0;0;0;0;0;0;0;0;0;0
415;0.43058;0.06722;-0.038192;0.39376;0;0;0;0;0;0;0;0;0;0;0;0;0
415.5;0.43125;0.067422;-0.038228;0.39375;0;0;0;0;0;0;0;0;0;0;0;0;0
416;0.43181;0.067745;-0.038327;0.39374;0;0;0;0;0;0;0;0;0;0;0;0;0
416.5;0.43254;0.067953;-0.038394;0.39372;0;0;0;0;0;0;0;0;0;0;0;0;0
417;0.43336;0.068239;-0.038518;0.39371;0;0;0;0;0;0;0;0;0;0;0;0;0
417.5;0.43395;0.068542;-0.038607;0.3937;0;0;0;0;0;0;0;0;0;0;0;0;0
418;0.43436;0.068822;-0.038701;0.39369;0;0;0;0;0;0;0;0;0;0;0;0;0
418.5;0.43512;0.069023;-0.03873;0.39367;0;0;0;0;0;0;0;0;0;0;0;0;0
419;0.43574;0.069366;-0.03883;0.39366;0;0;0;0;0;0;0;0;0;0;0;0;0
419.5;0.43648;0.06964;-0.038954;0.39365;0;0;0;0;0;0;0;0;0;0;0;0;0
420;0.43715;0.06994;-0.039009;0.39364;0;0;0;0;0;0;0;0;0;0;0;0;0
420.5;0.4379;0.070293;-0.039072;0.39363;0;0;0;0;0;0;0;0;0;0;0;0;0
421;0.43863;0.070518;-0.039125;0.39362;0;0;0;0;0;0;0;0;0;0;0;0;0
421.5;0.43895;0.07086;-0.039305;0.3936;0;0;0;0;0;0;0;0;0;0;0;0;0
422;0.4398;0.071205;-0.039412;0.39358;0;0;0;0;0;0;0;0;0;0;0;0;0
422.5;0.44013;0.071445;-0.039441;0.39356;0;0;0;0;0;0;0;0;0;0;0;0;0
423;0.4411;0.071787;-0.039596;0.39355;0;0;0;0;0;0;0;0;0;0;0;0;0
423.5;0.44174;0.072042;-0.039695;0.39354;0;0;0;0;0;0;0;0;0;0;0;0;0
424;0.44244;0.072413;-0.039715;0.39352;0;0;0;0;0;0;0;0;0;0;0;0;0
424.5;0.44306;0.072725;-0.039866;0.3935;0;0;0;0;0;0;0;0;0;0;0;0;0
425;0.44383;0.072986;-0.040009;0.39347;0;0;0;0;0;0;0;0;0;0;0;0;0
425.5;0.44445;0.07329;-0.04009;0.39345;0;0;0;0;0;0;0;0;0;0;0;0;0
426;0.44501;0.073568;-0.04016;0.39343;0;0;0;0;0;0;0;0;0;0;0;0;0
426.5;0.44575;0.073945;-0.040281;0.3934;0;0;0;0;0;0;0;0;0;0;0;0;0
427;0.4464;0.074246;-0.040372;0.39338;0;0;0;0;0;0;0;0;0;0;0;0;0
427.5;0.4471;0.07449;-0.04045;0.39335;0;0;0;0;0;0;0;0;0;0;0;0;0
428;0.44773;0.074743;-0.04054;0.39333;0;0;0;0;0;0;0;0;0;0;0;0;0
428.5;0.4483;0.075032;-0.040597;0.39332;0;0;0;0;0;0;0;0;0;0;0;0;0
429;0.44916;0.07538;-0.040656;0.3933;0;0;0;0;0;0;0;0;0;0;0;0;0
429.5;0.44965;0.075649;-0.040736;0.39328;0;0;0;0;0;0;0;0;0;0;0;0;0
430;0.45046;0.075922;-0.040846;0.39328;0;0;0;0;0;0;0;0;0;0;0;0;0
430.5;0.45105;0.076174;-0.040915;0.39327;0;0;0;0;0;0;0;0;0;0;0;0;0
431;0.45183;0.076445;-0.041036;0.39326;0;0;0;0;0;0;0;0;0;0;0;0;0
431.5;0.45242;0.076826;-0.041092;0.39324;0;0;0;0;0;0;0;0;0;0;0;0;0
432;0.45315;0.077022;-0.041147;0.39322;0;0;0;0;0;0;0;0;0;0;0;0;0
432.5;0.45389;0.077322;-0.041323;0.39321;0;0;0;0;0;0;0;0;0;0;0;0;0
433;0.45438;0.077619;-0.041364;0.39319;0;0;0;0;0;0;0;0;0;0;0;0;0
433.5;0.45512;0.077861;-0.041469;0.39317;0;0;0;0;0;0;0;0;0;0;0;0;0
434;0.45566;0.078189;-0.041521;0.39314;0;0;0;0;0;0;0;0;0;0;0;0;0
434.5;0.45637;0.078515;-0.041627;0.39311;0;0;0;0;0;0;0;0;0;0;0;0;0
435;0.45703;0.078709;-0.04177;0.39308;0;0;0;0;0;0;0;0;0;0;0;0;0
435.5;0.45763;0.079082;-0.041815;0.39305;0;0;0;0;0;0;0;0;0;0;0;0;0
436;0.45834;0.079385;-0.041868;0.39302;0;0;0;0;0;0;0;0;0;0;0;0;0
436.5;0.459;0.079731;-0.041994;0.393;0;0;0;0;0;0;0;0;0;0;0;0;0
437;0.45956;0.080018;-0.042113;0.39298;0;0;0;0;0;0;0;0;0;0;0;0;0
437.5;0.46027;0.080315;-0.042183;0.39296;0;0;0;0;0;0;0;0;0;0;0;0;0
438;0.46103;0.080639;-0.04226;0.39295;0;0;0;0;0;0;0;0;0;0;0;0;0
438.5;0.46163;0.081019;-0.042368;0.39293;0;0;0;0;0;0;0;0;0;0;0;0;0
439;0.46227;0.081298;-0.042432;0.39291;0;0;0;0;0;0;0;0;0;0;0;0;0
439.5;0.46294;0.081645;-0.042539;0.39289;0;0;0;0;0;0;0;0;0;0;0;0;0
440;0.46366;0.081995;-0.042626;0.39287;0;0;0;0;0;0;0;0;0;0;0;0;0
440.5;0.46442;0.082412;-0.04262;0.39285;0;0;0;0;0;0;0;0;0;0;0;0;0
441;0.46502;0.082655;-0.042755;0.39282;0;0;0;0;0;0;0;0;0;0;0;0;0
441.5;0.46555;0.082997;-0.042792;0.3928;0;0;0;0;0;0;0;0;0;0;0;0;0
442;0.46631;0.083434;-0.042925;0.39276;0;0;0;0;0;0;0;0;0;0;0;0;0
442.5;0.46688;0.083702;-0.042986;0.39274;0;0;0;0;0;0;0;0;0;0;0;0;0
443;0.46761;0.083975;-0.043042;0.39273;0;0;0;0;0;0;0;0;0;0;0;0;0
443.5;0.46821;0.084363;-0.043123;0.3927;0;0;0;0;0;0;0;0;0;0;0;0;0
444;0.46915;0.08472;-0.043166;0.39267;0;0;0;0;0;0;0;0;0;0;0;0;0
444.5;0.46956;0.085039;-0.043287;0.39264;0;0;0;0;0;0;0;0;0;0;0;0;0
445;0.47031;0.085364;-0.043388;0.39262;0;0;0;0;0;0;0;0;0;0;0;0;0
445.5;0.47097;0.08574;-0.043426;0.39259;0;0;0;0;0;0;0;0;0;0;0;0;0
446;0.47163;0.086069;-0.043547;0.39257;0;0;0;0;0;0;0;0;0;0;0;0;0
446.5;0.47234;0.086398;-0.043639;0.39254;0;0;0;0;0;0;0;0;0;0;0;0;0
447;0.47301;0.086772;-0.043659;0.39252;0;0;0;0;0;0;0;0;0;0;0;0;0
447.5;0.47362;0.087116;-0.043725;0.39249;0;0;0;0;0;0;0;0;0;0;0;0;0
448;0.47427;0.087508;-0.043777;0.39247;0;0;0;0;0;0;0;0;0;0;0;0;0
448.5;0.47501;0.087895;-0.043898;0.39243;0;0;0;0;0;0;0;0;0;0;0;0;0
449;0.47572;0.088262;-0.043981;0.3924;0;0;0;0;0;0;0;0;0;0;0;0;0
449.5;0.47628;0.088579;-0.044124;0.39237;0;0;0;0;0;0;0;0;0;0;0;0;0
450;0.47707;0.089019;-0.044199;0.39232;0;0;0;0;0;0;0;0;0;0;0;0;0
450.5;0.47768;0.089288;-0.044255;0.39229;0;0;0;0;0;0;0;0;0;0;0;0;0
451;0.4783;0.089605;-0.044336;0.39225;0;0;0;0;0;0;0;0;0;0;0;0;0
451.5;0.479;0.089989;-0.044417;0.39222;0;0;0;0;0;0;0;0;0;0;0;0;0
452;0.47967;0.090289;-0.044499;0.39218;0;0;0;0;0;0;0;0;0;0;0;0;0
452.5;0.48031;0.09069;-0.044593;0.39215;0;0;0;0;0;0;0;0;0;0;0;0;0
453;0.48109;0.091034;-0.044703;0.39211;0;0;0;0;0;0;0;0;0;0;0;0;0
453.5;0.48176;0.091412;-0.044779;0.39208;0;0;0;0;0;0;0;0;0;0;0;0;0
454;0.48241;0.091726;-0.044908;0.39204;0;0;0;0;0;0;0;0;0;0;0;0;0
454.5;0.4831;0.092022;-0.04504;0.392;0;0;0;0;0;0;0;0;0;0;0;0;0
455;0.48368;0.092395;-0.045135;0.39196;0;0;0;0;0;0;0;0;0;0;0;0;0
455.5;0.48448;0.092782;-0.045239;0.3919;0;0;0;0;0;0;0;0;0;0;0;0;0
456;0.48513;0.093162;-0.045315;0.39187;0;0;0;0;0;0;0;0;0;0;0;0;0
456.5;0.48578;0.093518;-0.045454;0.39182;0;0;0;0;0;0;0;0;0;0;0;0;0
457;0.48655;0.093851;-0.045481;0.39176;0;0;0;0;0;0;0;0;0;0;0;0;0
457.5;0.48717;0.094262;-0.045599;0.39172;0;0;0;0;0;0;0;0;0;0;0;0;0
458;0.4878;0.094762;-0.045656;0.39168;0;0;0;0;0;0;0;0;0;0;0;0;0
458.5;0.48838;0.095102;-0.045797;0.39161;0;0;0;0;0;0;0;0;0;0;0;0;0
459;0.48921;0.095569;-0.04593;0.39156;0;0;0;0;0;0;0;0;0;0;0;0;0
459.5;0.48993;0.095874;-0.046008;0.39151;0;0;0;0;0;0;0;0;0;0;0;0;0
460;0.49068;0.096302;-0.046047;0.39145;0;0;0;0;0;0;0;0;0;0;0;0;0
460.5;0.49125;0.096645;-0.046112;0.39139;0;0;0;0;0;0;0;0;0;0;0;0;0
461;0.49202;0.09715;-0.046245;0.39133;0;0;0;0;0;0;0;0;0;0;0;0;0
461.5;0.49265;0.097542;-0.046357;0.39127;0;0;0;0;0;0;0;0;0;0;0;0;0
462;0.49333;0.097902;-0.046455;0.39121;0;0;0;0;0;0;0;0;0;0;0;0;0
462.5;0.49412;0.098286;-0.046499;0.39115;0;0;0;0;0;0;0;0;0;0;0;0;0
463;0.49478;0.098684;-0.046674;0.39108;0;0;0;0;0;0;0;0;0;0;0;0;0
463.5;0.49542;0.099179;-0.046736;0.39101;0;0;0;0;0;0;0;0;0;0;0;0;0
464;0.49623;0.099506;-0.046846;0.39093;0;0;0;0;0;0;0;0;0;0;0;0;0
464.5;0.49665;0.099951;-0.046924;0.39084;0;0;0;0;0;0;0;0;0;0;0;0;0
465;0.49744;0.10031;-0.046977;0.39077;0;0;0;0;0;0;0;0;0;0;0;0;0
465.5;0.49801;0.10069;-0.047022;0.39068;0;0;0;0;0;0;0;0;0;0;0;0;0
466;0.49875;0.10106;-0.047087;0.39057;0;0;0;0;0;0;0;0;0;0;0;0;0
466.5;0.49959;0.10151;-0.047184;0.39046;0;0;0;0;0;0;0;0;0;0;0;0;0
467;0.50011;0.10195;-0.047263;0.39037;0;0;0;0;0;0;0;0;0;0;0;0;0
467.5;0.50095;0.10235;-0.047385;0.39027;0;0;0;0;0;0;0;0;0;0;0;0;0
468;0.50168;0.10281;-0.047438;0.39016;0;0;0;0;0;0;0;0;0;0;0;0;0
468.5;0.50232;0.10323;-0.047511;0.39004;0;0;0;0;0;0;0;0;0;0;0;0;0
469;0.50304;0.10371;-0.04764;0.38992;0;0;0;0;0;0;0;0;0;0;0;0;0
469.5;0.5037;0.10409;-0.047738;0.38983;0;0;0;0;0;0;0;0;0;0;0;0;0
470;0.50429;0.10453;-0.047818;0.38973;0;0;0;0;0;0;0;0;0;0;0;0;0
470.5;0.50505;0.105;-0.047957;0.38961;0;0;0;0;0;0;0;0;0;0;0;0;0
471;0.50568;0.10547;-0.048075;0.38949;0;0;0;0;0;0;0;0;0;0;0;0;0
471.5;0.50648;0.10583;-0.048159;0.38937;0;0;0;0;0;0;0;0;0;0;0;0;0
472;0.50711;0.10622;-0.048288;0.38923;0;0;0;0;0;0;0;0;0;0;0;0;0
472.5;0.50782;0.10663;-0.048353;0.38908;0;0;0;0;0;0;0;0;0;0;0;0;0
473;0.50851;0.107;-0.048426;0.38895;0;0;0;0;0;0;0;0;0;0;0;0;0
473.5;0.50913;0.1074;-0.048529;0.38878;0;0;0;0;0;0;0;0;0;0;0;0;0
474;0.50991;0.10781;-0.048588;0.38862;0;0;0;0;0;0;0;0;0;0;0;0;0
474.5;0.51066;0.10822;-0.048643;0.38845;0;0;0;0;0;0;0;0;0;0;0;0;0
475;0.51127;0.10865;-0.048711;0.38827;0;0;0;0;0;0;0;0;0;0;0;0;0
475.5;0.51186;0.10904;-0.04876;0.38808;0;0;0;0;0;0;0;0;0;0;0;0;0
476;0.51262;0.10949;-0.04886;0.38791;0;0;0;0;0;0;0;0;0;0;0;0;0
476.5;0.51322;0.10989;-0.048938;0.38773;0;0;0;0;0;0;0;0;0;0;0;0;0
477;0.51392;0.11027;-0.048963;0.38753;0;0;0;0;0;0;0;0;0;0;0;0;0
477.5;0.51462;0.11073;-0.04897;0.38733;0;0;0;0;0;0;0;0;0;0;0;0;0
478;0.51537;0.11111;-0.049078;0.38714;0;0;0;0;0;0;0;0;0;0;0;0;0
478.5;0.51613;0.1115;-0.049167;0.38692;0;0;0;0;0;0;0;0;0;0;0;0;0
479;0.51686;0.11201;-0.049148;0.38671;0;0;0;0;0;0;0;0;0;0;0;0;0
479.5;0.51722;0.11239;-0.049323;0.38648;0;0;0;0;0;0;0;0;0;0;0;0;0
480;0.51812;0.11279;-0.049329;0.38626;0;0;0;0;0;0;0;0;0;0;0;0;0
480.5;0.51865;0.11324;-0.049323;0.38607;0;0;0;0;0;0;0;0;0;0;0;0;0
481;0.51944;0.11363;-0.049435;0.38583;0;0;0;0;0;0;0;0;0;0;0;0;0
481.5;0.52;0.11406;-0.049533;0.38561;0;0;0;0;0;0;0;0;0;0;0;0;0
482;0.52075;0.11452;-0.049509;0.38538;0;0;0;0;0;0;0;0;0;0;0;0;0
482.5;0.5215;0.11482;-0.049598;0.38515;0;0;0;0;0;0;0;0;0;0;0;0;0
483;0.52227;0.1152;-0.049608;0.3849;0;0;0;0;0;0;0;0;0;0;0;0;0
483.5;0.52328;0.11563;-0.049715;0.38465;0;0;0;0;0;0;0;0;0;0;0;0;0
484;0.52344;0.11603;-0.049757;0.38439;0;0;0;0;0;0;0;0;0;0;0;0;0
484.5;0.52416;0.1164;-0.04982;0.38417;0;0;0;0;0;0;0;0;0;0;0;0;0
485;0.52475;0.11686;-0.049876;0.38391;0;0;0;0;0;0;0;0;0;0;0;0;0
485.5;0.52544;0.11726;-0.049911;0.38364;0;0;0;0;0;0;0;0;0;0;0;0;0
486;0.52612;0.1177;-0.049933;0.38339;0;0;0;0;0;0;0;0;0;0;0;0;0
486.5;0.52689;0.11806;-0.050042;0.38312;0;0;0;0;0;0;0;0;0;0;0;0;0
487;0.52747;0.1185;-0.050138;0.38284;0;0;0;0;0;0;0;0;0;0;0;0;0
487.5;0.52829;0.11896;-0.050138;0.38256;0;0;0;0;0;0;0;0;0;0;0;0;0
488;0.52871;0.11931;-0.050257;0.38231;0;0;0;0;0;0;0;0;0;0;0;0;0
488.5;0.52955;0.11975;-0.050269;0.38203;0;0;0;0;0;0;0;0;0;0;0;0;0
489;0.53011;0.12014;-0.050336;0.38175;0;0;0;0;0;0;0;0;0;0;0;0;0
489.5;0.53076;0.12054;-0.050386;0.38145;0;0;0;0;0;0;0;0;0;0;0;0;0
490;0.53145;0.12093;-0.050524;0.38118;0;0;0;0;0;0;0;0;0;0;0;0;0
490.5;0.53223;0.12132;-0.050537;0.38091;0;0;0;0;0;0;0;0;0;0;0;0;0
491;0.5328;0.12176;-0.050613;0.38061;0;0;0;0;0;0;0;0;0;0;0;0;0
491.5;0.53349;0.12216;-0.05069;0.38031;0;0;0;0;0;0;0;0;0;0;0;0;0
492;0.53411;0.12262;-0.050804;0.38004;0;0;0;0;0;0;0;0;0;0;0;0;0
492.5;0.5348;0.12315;-0.050797;0.37974;0;0;0;0;0;0;0;0;0;0;0;0;0
493;0.53551;0.12363;-0.050942;0.37943;0;0;0;0;0;0;0;0;0;0;0;0;0
493.5;0.53611;0.12404;-0.051056;0.3791;0;0;0;0;0;0;0;0;0;0;0;0;0
494;0.53668;0.12444;-0.051138;0.3788;0;0;0;0;0;0;0;0;0;0;0;0;0
494.5;0.53736;0.12484;-0.05122;0.3785;0;0;0;0;0;0;0;0;0;0;0;0;0
495;0.5381;0.12532;-0.05127;0.37816;0;0;0;0;0;0;0;0;0;0;0;0;0
495.5;0.5388;0.12577;-0.051382;0.37783;0;0;0;0;0;0;0;0;0;0;0;0;0
496;0.53957;0.12614;-0.051427;0.37754;0;0;0;0;0;0;0;0;0;0;0;0;0
496.5;0.54004;0.12671;-0.051495;0.37719;0;0;0;0;0;0;0;0;0;0;0;0;0
497;0.54078;0.12718;-0.051572;0.37685;0;0;0;0;0;0;0;0;0;0;0;0;0
497.5;0.54134;0.12772;-0.051649;0.3765;0;0;0;0;0;0;0;0;0;0;0;0;0
498;0.54199;0.1283;-0.051704;0.37617;0;0;0;0;0;0;0;0;0;0;0;0;0
498.5;0.54275;0.12886;-0.051758;0.37585;0;0;0;0;0;0;0;0;0;0;0;0;0
499;0.54341;0.12937;-0.051766;0.37549;0;0;0;0;0;0;0;0;0;0;0;0;0
499.5;0.54408;0.1298;-0.051856;0.37511;0;0;0;0;0;0;0;0;0;0;0;0;0
500;0.54478;0.13034;-0.051904;0.37481;0;0;0;0;0;0;0;0;0;0;0;0;0
500.5;0.54536;0.13076;-0.051961;0.37444;0;0;0;0;0;0;0;0;0;0;0;0;0
501;0.54604;0.1312;-0.052027;0.37406;0;0;0;0;0;0;0;0;0;0;0;0;0
501.5;0.54666;0.13165;-0.052039;0.37368;0;0;0;0;0;0;0;0;0;0;0;0;0
502;0.54738;0.13208;-0.052227;0.37335;0;0;0;0;0;0;0;0;0;0;0;0;0
502.5;0.54809;0.13268;-0.052308;0.37297;0;0;0;0;0;0;0;0;0;0;0;0;0
503;0.54875;0.13318;-0.052407;0.37258;0;0;0;0;0;0;0;0;0;0;0;0;0
503.5;0.54938;0.13359;-0.052442;0.37217;0;0;0;0;0;0;0;0;0;0;0;0;0
504;0.55002;0.13398;-0.052528;0.37183;0;0;0;0;0;0;0;0;0;0;0;0;0
504.5;0.55061;0.13437;-0.05259;0.37142;0;0;0;0;0;0;0;0;0;0;0;0;0
505;0.55141;0.13475;-0.052674;0.37101;0;0;0;0;0;0;0;0;0;0;0;0;0
505.5;0.55207;0.13528;-0.052825;0.37059;0;0;0;0;0;0;0;0;0;0;0;0;0
506;0.55275;0.13574;-0.052854;0.37023;0;0;0;0;0;0;0;0;0;0;0;0;0
506.5;0.55339;0.13619;-0.052935;0.3698;0;0;0;0;0;0;0;0;0;0;0;0;0
507;0.55416;0.13672;-0.053056;0.36938;0;0;0;0;0;0;0;0;0;0;0;0;0
507.5;0.55475;0.13721;-0.053146;0.36899;0;0;0;0;0;0;0;0;0;0;0;0;0
508;0.55533;0.13776;-0.053211;0.36858;0;0;0;0;0;0;0;0;0;0;0;0;0
508.5;0.55616;0.13832;-0.053287;0.36815;0;0;0;0;0;0;0;0;0;0;0;0;0
509;0.5569;0.1388;-0.053266;0.36771;0;0;0;0;0;0;0;0;0;0;0;0;0
509.5;0.55736;0.13931;-0.053292;0.36729;0;0;0;0;0;0;0;0;0;0;0;0;0
510;0.55816;0.13991;-0.053369;0.36687;0;0;0;0;0;0;0;0;0;0;0;0;0
510.5;0.55883;0.1404;-0.05338;0.3664;0;0;0;0;0;0;0;0;0;0;0;0;0
511;0.55945;0.14087;-0.053433;0.36593;0;0;0;0;0;0;0;0;0;0;0;0;0
511.5;0.56018;0.14131;-0.053464;0.36546;0;0;0;0;0;0;0;0;0;0;0;0;0
512;0.56097;0.14178;-0.053503;0.36506;0;0;0;0;0;0;0;0;0;0;0;0;0
512.5;0.56156;0.14231;-0.053575;0.36453;0;0;0;0;0;0;0;0;0;0;0;0;0
513;0.56209;0.14284;-0.053585;0.36408;0;0;0;0;0;0;0;0;0;0;0;0;0
513.5;0.56289;0.14329;-0.053568;0.36362;0;0;0;0;0;0;0;0;0;0;0;0;0
514;0.56345;0.14379;-0.053647;0.36312;0;0;0;0;0;0;0;0;0;0;0;0;0
514.5;0.56407;0.14431;-0.053689;0.36261;0;0;0;0;0;0;0;0;0;0;0;0;0
515;0.56466;0.14471;-0.053686;0.36214;0;0;0;0;0;0;0;0;0;0;0;0;0
515.5;0.56553;0.14513;-0.053715;0.36163;0;0;0;0;0;0;0;0;0;0;0;0;0
516;0.56615;0.14566;-0.053672;0.36115;0;0;0;0;0;0;0;0;0;0;0;0;0
516.5;0.56682;0.14613;-0.05374;0.36063;0;0;0;0;0;0;0;0;0;0;0;0;0
517;0.56757;0.14671;-0.053742;0.36013;0;0;0;0;0;0;0;0;0;0;0;0;0
517.5;0.5683;0.14719;-0.05376;0.35963;0;0;0;0;0;0;0;0;0;0;0;0;0
518;0.5689;0.14762;-0.05384;0.35912;0;0;0;0;0;0;0;0;0;0;0;0;0
518.5;0.56957;0.14806;-0.053862;0.35856;0;0;0;0;0;0;0;0;0;0;0;0;0
519;0.57016;0.14863;-0.053829;0.35795;0;0;0;0;0;0;0;0;0;0;0;0;0
519.5;0.57082;0.14916;-0.053868;0.35746;0;0;0;0;0;0;0;0;0;0;0;0;0
520;0.57153;0.14969;-0.053888;0.35689;0;0;0;0;0;0;0;0;0;0;0;0;0
520.5;0.57219;0.15042;-0.053911;0.35629;0;0;0;0;0;0;0;0;0;0;0;0;0
521;0.57299;0.151;-0.053932;0.35578;0;0;0;0;0;0;0;0;0;0;0;0;0
521.5;0.57371;0.15157;-0.053875;0.35517;0;0;0;0;0;0;0;0;0;0;0;0;0
522;0.57442;0.15217;-0.053917;0.35455;0;0;0;0;0;0;0;0;0;0;0;0;0
522.5;0.57507;0.15275;-0.053927;0.35394;0;0;0;0;0;0;0;0;0;0;0;0;0
523;0.57579;0.1534;-0.053896;0.3534;0;0;0;0;0;0;0;0;0;0;0;0;0
523.5;0.57649;0.1539;-0.053816;0.3527;0;0;0;0;0;0;0;0;0;0;0;0;0
524;0.57717;0.1543;-0.053847;0.35209;0;0;0;0;0;0;0;0;0;0;0;0;0
524.5;0.57784;0.15489;-0.05377;0.35147;0;0;0;0;0;0;0;0;0;0;0;0;0
525;0.57858;0.15552;-0.053714;0.35078;0;0;0;0;0;0;0;0;0;0;0;0;0
525.5;0.57933;0.15609;-0.053742;0.35013;0;0;0;0;0;0;0;0;0;0;0;0;0
526;0.58002;0.1566;-0.053702;0.34943;0;0;0;0;0;0;0;0;0;0;0;0;0
526.5;0.5808;0.15715;-0.053668;0.34876;0;0;0;0;0;0;0;0;0;0;0;0;0
527;0.58154;0.15781;-0.053732;0.34802;0;0;0;0;0;0;0;0;0;0;0;0;0
527.5;0.58237;0.1585;-0.053679;0.34724;0;0;0;0;0;0;0;0;0;0;0;0;0
528;0.58301;0.15902;-0.053666;0.34644;0;0;0;0;0;0;0;0;0;0;0;0;0
528.5;0.58374;0.1595;-0.05364;0.34574;0;0;0;0;0;0;0;0;0;0;0;0;0
529;0.58452;0.16028;-0.053642;0.34489;0;0;0;0;0;0;0;0;0;0;0;0;0
529.5;0.58525;0.16097;-0.053644;0.34399;0;0;0;0;0;0;0;0;0;0;0;0;0
530;0.5862;0.16188;-0.053586;0.3431;0;0;0;0;0;0;0;0;0;0;0;0;0
530.5;0.58903;0.16523;-0.053393;0.34206;0;0;0;0;0;0;0;0;0;0;0;0;0
