Date of Test;Material;Sample Geometry;Orientation [°];Test Number;Nominal Speed [mm/min];Thickness [mm];Central Width [mm];Gauge Width / Diameter [mm];Pixel to mm ratio [mm/px];Extensometer 1-4 [mm];Extensometer 2-3 [mm];Extensometer 5-6 [mm];;;;;
09/08/21;DP600Large;NT20;00;3;0.0798;0.29036;2;4;0;6;0.20001;0.4;;;;;
;;;;;;;;;;;;;;;;;
Time [s];U1 [mm];U2 [mm];U3 [mm];Force [kN];Ambient Temperature [°C];DIC Zone X 1 [px];DIC Zone Y 1 [px];DIC Zone X 2 [px];DIC Zone Y 2 [px];DIC Zone X 3 [px];DIC Zone Y 3 [px];DIC Zone X 4 [px];DIC Zone Y 4 [px];DIC Zone X 5 [px];DIC Zone Y 5 [px];DIC Zone X 6 [px];DIC Zone Y 6 [px]
0;0;0;0;9.8e-06;0;0;0;0;0;0;0;0;0;0;0;0;0
0.501;0.00015722;-4.9969e-05;-1.162e-05;9.8e-06;0;0;0;0;0;0;0;0;0;0;0;0;0
1;-2.8602e-05;-6.0426e-05;-4.9942e-05;9.8e-06;0;0;0;0;0;0;0;0;0;0;0;0;0
1.5;-2.2036e-05;-5.0645e-05;-1.7226e-05;9.8e-06;0;0;0;0;0;0;0;0;0;0;0;0;0
2;7.6281e-05;-5.0475e-05;-1.5495e-05;9.8e-06;0;0;0;0;0;0;0;0;0;0;0;0;0
2.5;2.1643e-05;-7.3415e-05;-3.9244e-05;9.8e-06;0;0;0;0;0;0;0;0;0;0;0;0;0
3;-2.4944e-05;-2.5435e-05;-2.1472e-05;1.96e-05;0;0;0;0;0;0;0;0;0;0;0;0;0
3.5;0.00010843;-7.2915e-05;-2.1948e-06;2.94e-05;0;0;0;0;0;0;0;0;0;0;0;0;0
4;0.00019624;-0.00015154;5.0552e-06;3.92e-05;0;0;0;0;0;0;0;0;0;0;0;0;0
4.5;0.00016048;-1.3267e-05;5.1161e-06;9.8e-05;0;0;0;0;0;0;0;0;0;0;0;0;0
5;5.3178e-05;-8.343e-05;-3.6164e-05;0.0002352;0;0;0;0;0;0;0;0;0;0;0;0;0
5.5;0.00024182;-0.0001214;-8.6433e-06;0.000441;0;0;0;0;0;0;0;0;0;0;0;0;0
6.001;0.00024332;-9.3451e-05;3.7409e-05;0.0007742;0;0;0;0;0;0;0;0;0;0;0;0;0
6.501;0.0001928;-5.2374e-05;-5.1947e-05;0.0011466;0;0;0;0;0;0;0;0;0;0;0;0;0
7.001;0.00035282;-8.1846e-05;9.7029e-06;0.0015288;0;0;0;0;0;0;0;0;0;0;0;0;0
7.501;0.00031873;-0.00015517;-4.4301e-05;0.0019306;0;0;0;0;0;0;0;0;0;0;0;0;0
8;0.00035318;-0.00018182;-2.6019e-06;0.002401;0;0;0;0;0;0;0;0;0;0;0;0;0
8.5;0.00038268;-0.0002847;1.2186e-05;0.0028518;0;0;0;0;0;0;0;0;0;0;0;0;0
9;0.00027722;-0.00019064;-1.7995e-06;0.0032536;0;0;0;0;0;0;0;0;0;0;0;0;0
9.5;0.00038054;-0.00011348;-1.1734e-05;0.0035672;0;0;0;0;0;0;0;0;0;0;0;0;0
10;0.000374;-0.00016967;-1.8825e-05;0.0038318;0;0;0;0;0;0;0;0;0;0;0;0;0
10.5;0.0004749;-0.00016209;-3.3362e-05;0.004116;0;0;0;0;0;0;0;0;0;0;0;0;0
11;0.00040295;-0.0002919;-2.083e-05;0.0043904;0;0;0;0;0;0;0;0;0;0;0;0;0
11.501;0.00044986;-0.00028574;-2.1014e-05;0.0046844;0;0;0;0;0;0;0;0;0;0;0;0;0
12;0.00044754;-0.00028286;-1.1001e-06;0.0050176;0;0;0;0;0;0;0;0;0;0;0;0;0
12.499;0.00053228;-0.00018646;-3.4741e-05;0.0053508;0;0;0;0;0;0;0;0;0;0;0;0;0
13;0.00050544;-0.00024604;-4.2106e-05;0.005684;0;0;0;0;0;0;0;0;0;0;0;0;0
13.5;0.00049645;-0.00026134;-9.6071e-05;0.0060564;0;0;0;0;0;0;0;0;0;0;0;0;0
14;0.00057168;-0.00033072;-6.7976e-05;0.0064288;0;0;0;0;0;0;0;0;0;0;0;0;0
14.5;0.00061748;-0.00039616;-3.4412e-05;0.0067424;0;0;0;0;0;0;0;0;0;0;0;0;0
15;0.0005489;-0.00038167;-4.9117e-05;0.0071344;0;0;0;0;0;0;0;0;0;0;0;0;0
15.501;0.0006427;-0.00035554;-1.886e-05;0.0075264;0;0;0;0;0;0;0;0;0;0;0;0;0
15.999;0.0006757;-0.0003117;9.6923e-06;0.0078792;0;0;0;0;0;0;0;0;0;0;0;0;0
16.5;0.00068024;-0.00031251;-2.584e-06;0.0083006;0;0;0;0;0;0;0;0;0;0;0;0;0
17;0.00072058;-0.00041144;-5.2386e-05;0.0087318;0;0;0;0;0;0;0;0;0;0;0;0;0
17.5;0.00078283;-0.00049642;-4.9087e-05;0.0091042;0;0;0;0;0;0;0;0;0;0;0;0;0
18;0.00070524;-0.00048298;-4.6226e-05;0.0095844;0;0;0;0;0;0;0;0;0;0;0;0;0
18.5;0.00087184;-0.00041775;-2.5278e-05;0.010104;0;0;0;0;0;0;0;0;0;0;0;0;0
19.001;0.00092595;-0.00040383;-2.2053e-05;0.010555;0;0;0;0;0;0;0;0;0;0;0;0;0
19.5;0.00099584;-0.00047611;-6.2013e-05;0.011172;0;0;0;0;0;0;0;0;0;0;0;0;0
20;0.00060376;-0.00054481;-6.7643e-05;0.01174;0;0;0;0;0;0;0;0;0;0;0;0;0
20.5;0.00098618;-0.00056604;3.6125e-07;0.012377;0;0;0;0;0;0;0;0;0;0;0;0;0
21.001;0.0010358;-0.000437;-4.8129e-05;0.013005;0;0;0;0;0;0;0;0;0;0;0;0;0
21.5;0.0010482;-0.00049384;-7.1093e-05;0.01372;0;0;0;0;0;0;0;0;0;0;0;0;0
22;0.0011069;-0.00060404;-5.1631e-05;0.014416;0;0;0;0;0;0;0;0;0;0;0;0;0
22.5;0.001083;-0.00062347;-1.0386e-05;0.015131;0;0;0;0;0;0;0;0;0;0;0;0;0
23.001;0.0011887;-0.00055397;-6.3494e-05;0.015954;0;0;0;0;0;0;0;0;0;0;0;0;0
23.5;0.0011619;-0.00064951;-4.8043e-05;0.016807;0;0;0;0;0;0;0;0;0;0;0;0;0
24;0.0011859;-0.00066478;-6.4033e-05;0.01763;0;0;0;0;0;0;0;0;0;0;0;0;0
24.5;0.0012767;-0.00062648;-1.5056e-05;0.018571;0;0;0;0;0;0;0;0;0;0;0;0;0
25;0.0012431;-0.00071387;-2.2656e-05;0.019561;0;0;0;0;0;0;0;0;0;0;0;0;0
25.5;0.0012679;-0.00073406;-5.1922e-06;0.020423;0;0;0;0;0;0;0;0;0;0;0;0;0
26.001;0.0012488;-0.00064041;-3.0308e-05;0.02157;0;0;0;0;0;0;0;0;0;0;0;0;0
26.5;0.0012633;-0.00075059;-1.4514e-05;0.022579;0;0;0;0;0;0;0;0;0;0;0;0;0
27.001;0.0012273;-0.00075954;-1.5473e-06;0.023647;0;0;0;0;0;0;0;0;0;0;0;0;0
27.501;0.0014528;-0.00067426;-3.9605e-05;0.024833;0;0;0;0;0;0;0;0;0;0;0;0;0
27.999;0.0015079;-0.00077351;-1.6381e-05;0.02595;0;0;0;0;0;0;0;0;0;0;0;0;0
28.499;0.0014919;-0.00087469;-1.6372e-05;0.027087;0;0;0;0;0;0;0;0;0;0;0;0;0
28.999;0.001591;-0.00084967;1.0164e-05;0.028342;0;0;0;0;0;0;0;0;0;0;0;0;0
29.5;0.0016669;-0.0008694;9.4428e-06;0.029616;0;0;0;0;0;0;0;0;0;0;0;0;0
30;0.0016557;-0.00093666;-3.6557e-05;0.030919;0;0;0;0;0;0;0;0;0;0;0;0;0
30.5;0.0017924;-0.00083983;-4.0819e-05;0.032154;0;0;0;0;0;0;0;0;0;0;0;0;0
30.999;0.0018087;-0.00091372;1.0233e-05;0.033398;0;0;0;0;0;0;0;0;0;0;0;0;0
31.5;0.0018435;-0.00093827;4.0714e-05;0.034751;0;0;0;0;0;0;0;0;0;0;0;0;0
32;0.001898;-0.00089128;1.8239e-05;0.036035;0;0;0;0;0;0;0;0;0;0;0;0;0
32.5;0.001882;-0.00095852;-2.0369e-05;0.037338;0;0;0;0;0;0;0;0;0;0;0;0;0
32.999;0.0019805;-0.0009127;3.0798e-06;0.038877;0;0;0;0;0;0;0;0;0;0;0;0;0
33.501;0.0019934;-0.00090016;1.9871e-05;0.040082;0;0;0;0;0;0;0;0;0;0;0;0;0
34;0.0019674;-0.0010801;3.2896e-06;0.041542;0;0;0;0;0;0;0;0;0;0;0;0;0
34.5;0.0020122;-0.00096686;5.4665e-06;0.042885;0;0;0;0;0;0;0;0;0;0;0;0;0
35;0.002106;-0.0009193;-2.2495e-05;0.044345;0;0;0;0;0;0;0;0;0;0;0;0;0
35.5;0.0021047;-0.0010733;-4.7364e-05;0.045805;0;0;0;0;0;0;0;0;0;0;0;0;0
36;0.0022006;-0.00099246;-8.4382e-07;0.047275;0;0;0;0;0;0;0;0;0;0;0;0;0
36.499;0.0022093;-0.0010276;-2.4567e-05;0.048647;0;0;0;0;0;0;0;0;0;0;0;0;0
36.999;0.0023484;-0.0011313;-2.181e-05;0.050039;0;0;0;0;0;0;0;0;0;0;0;0;0
37.5;0.0023414;-0.0010643;-1.1382e-05;0.05147;0;0;0;0;0;0;0;0;0;0;0;0;0
38;0.0022897;-0.0011262;-5.2925e-05;0.053047;0;0;0;0;0;0;0;0;0;0;0;0;0
38.502;0.0024632;-0.0010843;-5.8042e-05;0.054684;0;0;0;0;0;0;0;0;0;0;0;0;0
38.999;0.0025039;-0.00112;-6.6609e-05;0.05636;0;0;0;0;0;0;0;0;0;0;0;0;0
39.5;0.00257;-0.0011309;-6.5664e-05;0.05783;0;0;0;0;0;0;0;0;0;0;0;0;0
40;0.0025745;-0.0011493;-4.2219e-05;0.059613;0;0;0;0;0;0;0;0;0;0;0;0;0
40.5;0.0027143;-0.0012321;-0.00012549;0.061436;0;0;0;0;0;0;0;0;0;0;0;0;0
41;0.002703;-0.0011413;-3.3263e-05;0.063308;0;0;0;0;0;0;0;0;0;0;0;0;0
41.5;0.0028175;-0.0011834;-2.4265e-05;0.064915;0;0;0;0;0;0;0;0;0;0;0;0;0
42;0.0028957;-0.0011375;-3.8937e-05;0.066865;0;0;0;0;0;0;0;0;0;0;0;0;0
42.5;0.0029059;-0.0012378;-2.1714e-05;0.068845;0;0;0;0;0;0;0;0;0;0;0;0;0
43;0.0030384;-0.001154;-7.2457e-05;0.070707;0;0;0;0;0;0;0;0;0;0;0;0;0
43.5;0.0031375;-0.0011264;-3.5035e-05;0.072726;0;0;0;0;0;0;0;0;0;0;0;0;0
44;0.0031797;-0.0012367;-1.4673e-05;0.074617;0;0;0;0;0;0;0;0;0;0;0;0;0
44.5;0.0032949;-0.0012734;-3.3347e-05;0.076685;0;0;0;0;0;0;0;0;0;0;0;0;0
45;0.0032993;-0.0013859;-3.767e-05;0.078782;0;0;0;0;0;0;0;0;0;0;0;0;0
45.5;0.0033888;-0.001266;1.835e-05;0.080742;0;0;0;0;0;0;0;0;0;0;0;0;0
46;0.0034956;-0.001313;-5.9914e-06;0.082692;0;0;0;0;0;0;0;0;0;0;0;0;0
46.5;0.0035915;-0.0012347;9.1043e-06;0.084829;0;0;0;0;0;0;0;0;0;0;0;0;0
47;0.0035604;-0.0012811;-3.4843e-05;0.086975;0;0;0;0;0;0;0;0;0;0;0;0;0
47.5;0.0037642;-0.0012938;-5.1671e-05;0.088808;0;0;0;0;0;0;0;0;0;0;0;0;0
48;0.0037611;-0.0013321;8.5143e-06;0.090983;0;0;0;0;0;0;0;0;0;0;0;0;0
48.499;0.0039096;-0.0013097;3.1213e-05;0.093188;0;0;0;0;0;0;0;0;0;0;0;0;0
49;0.004041;-0.001356;-3.5344e-05;0.095207;0;0;0;0;0;0;0;0;0;0;0;0;0
49.5;0.0042073;-0.0013407;1.6423e-06;0.097422;0;0;0;0;0;0;0;0;0;0;0;0;0
50;0.0038217;-0.0013663;-3.8201e-06;0.09947;0;0;0;0;0;0;0;0;0;0;0;0;0
50.5;0.0043232;-0.0013887;-2.6285e-05;0.10151;0;0;0;0;0;0;0;0;0;0;0;0;0
51.001;0.0043051;-0.0013325;-0.00011282;0.10374;0;0;0;0;0;0;0;0;0;0;0;0;0
51.5;0.0043778;-0.0014328;-4.3414e-05;0.10599;0;0;0;0;0;0;0;0;0;0;0;0;0
52.001;0.0045322;-0.0013705;-4.2558e-05;0.10806;0;0;0;0;0;0;0;0;0;0;0;0;0
52.499;0.004608;-0.0014023;-4.1022e-05;0.11033;0;0;0;0;0;0;0;0;0;0;0;0;0
53;0.0047512;-0.0013492;-6.7357e-05;0.11243;0;0;0;0;0;0;0;0;0;0;0;0;0
53.5;0.0048077;-0.0014563;-2.6675e-05;0.11453;0;0;0;0;0;0;0;0;0;0;0;0;0
54;0.0048661;-0.0013404;-7.6523e-05;0.11685;0;0;0;0;0;0;0;0;0;0;0;0;0
54.5;0.0050243;-0.0013774;-4.4115e-05;0.11917;0;0;0;0;0;0;0;0;0;0;0;0;0
55;0.0050554;-0.0013953;-2.7768e-05;0.12133;0;0;0;0;0;0;0;0;0;0;0;0;0
55.5;0.0052257;-0.0014399;-7.1111e-05;0.12371;0;0;0;0;0;0;0;0;0;0;0;0;0
56;0.005291;-0.0013244;-4.1405e-05;0.1259;0;0;0;0;0;0;0;0;0;0;0;0;0
56.5;0.0054632;-0.0013875;-8.389e-05;0.1281;0;0;0;0;0;0;0;0;0;0;0;0;0
57;0.0056465;-0.0013529;-3.0742e-05;0.1305;0;0;0;0;0;0;0;0;0;0;0;0;0
57.5;0.0057097;-0.001444;-9.6161e-05;0.13292;0;0;0;0;0;0;0;0;0;0;0;0;0
58;0.0057173;-0.0013567;-6.8458e-05;0.13498;0;0;0;0;0;0;0;0;0;0;0;0;0
58.5;0.0058971;-0.001394;-6.4778e-05;0.13743;0;0;0;0;0;0;0;0;0;0;0;0;0
59;0.0059844;-0.001317;-3.2109e-05;0.13988;0;0;0;0;0;0;0;0;0;0;0;0;0
59.5;0.0061548;-0.0013931;-0.00010407;0.14233;0;0;0;0;0;0;0;0;0;0;0;0;0
60;0.0061768;-0.001331;-5.9387e-05;0.14462;0;0;0;0;0;0;0;0;0;0;0;0;0
60.5;0.0063745;-0.0013926;-3.6046e-05;0.14711;0;0;0;0;0;0;0;0;0;0;0;0;0
61;0.006502;-0.0012976;-8.9295e-05;0.14959;0;0;0;0;0;0;0;0;0;0;0;0;0
61.5;0.0066165;-0.0014426;-9.861e-05;0.15169;0;0;0;0;0;0;0;0;0;0;0;0;0
62;0.0067462;-0.0013727;-0.00010316;0.15416;0;0;0;0;0;0;0;0;0;0;0;0;0
62.5;0.0068804;-0.0014542;-8.3484e-05;0.15662;0;0;0;0;0;0;0;0;0;0;0;0;0
63;0.0069674;-0.0013539;-0.00010224;0.15891;0;0;0;0;0;0;0;0;0;0;0;0;0
63.501;0.0071162;-0.0014819;-0.00010208;0.16118;0;0;0;0;0;0;0;0;0;0;0;0;0
63.999;0.0072514;-0.0013318;-5.4983e-05;0.16365;0;0;0;0;0;0;0;0;0;0;0;0;0
64.5;0.0073633;-0.0014327;-0.00010437;0.16611;0;0;0;0;0;0;0;0;0;0;0;0;0
65;0.0075226;-0.0013091;-0.00014346;0.16838;0;0;0;0;0;0;0;0;0;0;0;0;0
65.5;0.0077199;-0.0014276;-0.00012331;0.17085;0;0;0;0;0;0;0;0;0;0;0;0;0
66;0.0078185;-0.0012826;-0.00015457;0.17333;0;0;0;0;0;0;0;0;0;0;0;0;0
66.5;0.0079692;-0.0013892;-0.00016515;0.17542;0;0;0;0;0;0;0;0;0;0;0;0;0
67;0.0081189;-0.0013142;-0.0001268;0.17788;0;0;0;0;0;0;0;0;0;0;0;0;0
67.5;0.008331;-0.0013612;-0.00014425;0.18033;0;0;0;0;0;0;0;0;0;0;0;0;0
68;0.0085074;-0.00131;-0.00021142;0.18258;0;0;0;0;0;0;0;0;0;0;0;0;0
68.5;0.0085341;-0.0012749;-0.00012869;0.185;0;0;0;0;0;0;0;0;0;0;0;0;0
69;0.008759;-0.0012407;-0.00013547;0.18722;0;0;0;0;0;0;0;0;0;0;0;0;0
69.5;0.0088743;-0.0012112;-0.00015553;0.18942;0;0;0;0;0;0;0;0;0;0;0;0;0
70;0.0092764;-0.0012937;-0.00017082;0.1918;0;0;0;0;0;0;0;0;0;0;0;0;0
70.499;0.0092827;-0.0012201;-0.00012321;0.19396;0;0;0;0;0;0;0;0;0;0;0;0;0
70.999;0.0095524;-0.0013087;-0.00010646;0.19629;0;0;0;0;0;0;0;0;0;0;0;0;0
71.5;0.0097619;-0.001186;-0.00011987;0.1986;0;0;0;0;0;0;0;0;0;0;0;0;0
72;0.0098323;-0.0013249;-0.00013486;0.20069;0;0;0;0;0;0;0;0;0;0;0;0;0
72.5;0.010181;-0.0011897;-0.00021376;0.20297;0;0;0;0;0;0;0;0;0;0;0;0;0
73;0.01036;-0.0012669;-0.0001759;0.20505;0;0;0;0;0;0;0;0;0;0;0;0;0
73.5;0.010575;-0.0011751;-0.00016944;0.20727;0;0;0;0;0;0;0;0;0;0;0;0;0
73.999;0.010847;-0.0011561;-0.0001898;0.2093;0;0;0;0;0;0;0;0;0;0;0;0;0
74.5;0.011084;-0.0012473;-0.00019744;0.21148;0;0;0;0;0;0;0;0;0;0;0;0;0
74.999;0.011308;-0.0011661;-0.00025842;0.21348;0;0;0;0;0;0;0;0;0;0;0;0;0
75.501;0.011516;-0.0012127;-0.00025609;0.21562;0;0;0;0;0;0;0;0;0;0;0;0;0
76;0.011766;-0.0012051;-0.00028988;0.21755;0;0;0;0;0;0;0;0;0;0;0;0;0
76.5;0.012017;-0.0012143;-0.00029637;0.21945;0;0;0;0;0;0;0;0;0;0;0;0;0
77;0.012348;-0.0011966;-0.00033423;0.22147;0;0;0;0;0;0;0;0;0;0;0;0;0
77.5;0.01256;-0.0010976;-0.00037017;0.22345;0;0;0;0;0;0;0;0;0;0;0;0;0
78;0.012863;-0.0011614;-0.00029637;0.22525;0;0;0;0;0;0;0;0;0;0;0;0;0
78.5;0.013286;-0.0011399;-0.00036893;0.22715;0;0;0;0;0;0;0;0;0;0;0;0;0
78.999;0.013365;-0.0010531;-0.0003474;0.22902;0;0;0;0;0;0;0;0;0;0;0;0;0
79.5;0.013759;-0.0011144;-0.0003949;0.23072;0;0;0;0;0;0;0;0;0;0;0;0;0
79.999;0.014081;-0.0010615;-0.00047477;0.2324;0;0;0;0;0;0;0;0;0;0;0;0;0
80.499;0.014355;-0.0010664;-0.00040155;0.23419;0;0;0;0;0;0;0;0;0;0;0;0;0
81;0.014785;-0.0010795;-0.00042899;0.23594;0;0;0;0;0;0;0;0;0;0;0;0;0
81.5;0.014837;-0.00098957;-0.00041895;0.2374;0;0;0;0;0;0;0;0;0;0;0;0;0
82;0.015213;-0.0010232;-0.00044617;0.23921;0;0;0;0;0;0;0;0;0;0;0;0;0
82.5;0.015591;-0.0010409;-0.00046069;0.24061;0;0;0;0;0;0;0;0;0;0;0;0;0
82.999;0.015896;-0.00098118;-0.00045441;0.24223;0;0;0;0;0;0;0;0;0;0;0;0;0
83.5;0.016168;-0.00096635;-0.00054086;0.24379;0;0;0;0;0;0;0;0;0;0;0;0;0
83.999;0.016382;-0.0010525;-0.00055824;0.24511;0;0;0;0;0;0;0;0;0;0;0;0;0
84.5;0.017215;-0.00092786;-0.00058412;0.24663;0;0;0;0;0;0;0;0;0;0;0;0;0
85;0.017394;-0.00091626;-0.0006076;0.24822;0;0;0;0;0;0;0;0;0;0;0;0;0
85.5;0.017755;-0.00094718;-0.00065241;0.24956;0;0;0;0;0;0;0;0;0;0;0;0;0
86;0.018151;-0.00085962;-0.00069906;0.25086;0;0;0;0;0;0;0;0;0;0;0;0;0
86.501;0.018578;-0.00074642;-0.00073452;0.25212;0;0;0;0;0;0;0;0;0;0;0;0;0
86.999;0.018763;-0.00085169;-0.0007518;0.25348;0;0;0;0;0;0;0;0;0;0;0;0;0
87.5;0.018913;-0.00076702;-0.00075043;0.25471;0;0;0;0;0;0;0;0;0;0;0;0;0
88;0.019478;-0.00072145;-0.00080694;0.256;0;0;0;0;0;0;0;0;0;0;0;0;0
88.5;0.019791;-0.00071329;-0.00081683;0.25726;0;0;0;0;0;0;0;0;0;0;0;0;0
89;0.020247;-0.00069495;-0.00080707;0.25831;0;0;0;0;0;0;0;0;0;0;0;0;0
89.5;0.020503;-0.00065391;-0.00088304;0.25952;0;0;0;0;0;0;0;0;0;0;0;0;0
89.999;0.020959;-0.0005853;-0.00092213;0.26072;0;0;0;0;0;0;0;0;0;0;0;0;0
90.499;0.021401;-0.00057349;-0.00092368;0.26183;0;0;0;0;0;0;0;0;0;0;0;0;0
90.999;0.021862;-0.0006306;-0.00094095;0.26298;0;0;0;0;0;0;0;0;0;0;0;0;0
91.5;0.022279;-0.00055773;-0.00096807;0.26412;0;0;0;0;0;0;0;0;0;0;0;0;0
92.001;0.022565;-0.00048085;-0.0010454;0.26524;0;0;0;0;0;0;0;0;0;0;0;0;0
92.5;0.022986;-0.0005112;-0.001049;0.26624;0;0;0;0;0;0;0;0;0;0;0;0;0
93;0.023393;-0.00049936;-0.001068;0.26731;0;0;0;0;0;0;0;0;0;0;0;0;0
93.499;0.023786;-0.00041151;-0.0010996;0.26822;0;0;0;0;0;0;0;0;0;0;0;0;0
94;0.02431;-0.00032207;-0.0011741;0.26925;0;0;0;0;0;0;0;0;0;0;0;0;0
94.499;0.024583;-0.00035269;-0.0012041;0.27026;0;0;0;0;0;0;0;0;0;0;0;0;0
94.999;0.025207;-0.00034136;-0.0011597;0.27112;0;0;0;0;0;0;0;0;0;0;0;0;0
95.5;0.025505;-0.00025564;-0.001237;0.27218;0;0;0;0;0;0;0;0;0;0;0;0;0
96;0.026213;-0.00015703;-0.0012283;0.27316;0;0;0;0;0;0;0;0;0;0;0;0;0
96.499;0.025986;-0.00010825;-0.0012979;0.27397;0;0;0;0;0;0;0;0;0;0;0;0;0
97;0.026595;-0.00018709;-0.0012899;0.27491;0;0;0;0;0;0;0;0;0;0;0;0;0
97.5;0.027325;-0.00010086;-0.0014251;0.27585;0;0;0;0;0;0;0;0;0;0;0;0;0
98;0.027747;-3.5357e-05;-0.001392;0.27668;0;0;0;0;0;0;0;0;0;0;0;0;0
98.5;0.028204;1.6855e-05;-0.0014203;0.27754;0;0;0;0;0;0;0;0;0;0;0;0;0
98.999;0.028499;-4.9987e-06;-0.001475;0.2785;0;0;0;0;0;0;0;0;0;0;0;0;0
99.499;0.028985;-2.816e-05;-0.0014967;0.27926;0;0;0;0;0;0;0;0;0;0;0;0;0
100;0.029705;5.8495e-05;-0.0015754;0.28013;0;0;0;0;0;0;0;0;0;0;0;0;0
100.5;0.029889;0.00014363;-0.0015692;0.28101;0;0;0;0;0;0;0;0;0;0;0;0;0
101;0.030315;0.00011559;-0.0015947;0.2818;0;0;0;0;0;0;0;0;0;0;0;0;0
101.5;0.030831;5.6183e-05;-0.0016628;0.28264;0;0;0;0;0;0;0;0;0;0;0;0;0
102;0.031252;0.00014247;-0.0016995;0.28347;0;0;0;0;0;0;0;0;0;0;0;0;0
102.5;0.031796;0.00021984;-0.0017437;0.28422;0;0;0;0;0;0;0;0;0;0;0;0;0
103;0.032258;0.00027462;-0.0017696;0.28495;0;0;0;0;0;0;0;0;0;0;0;0;0
103.5;0.03271;0.00025343;-0.0017751;0.28568;0;0;0;0;0;0;0;0;0;0;0;0;0
104;0.033276;0.00018911;-0.001802;0.28647;0;0;0;0;0;0;0;0;0;0;0;0;0
104.5;0.03365;0.00028054;-0.0018293;0.28725;0;0;0;0;0;0;0;0;0;0;0;0;0
105;0.034181;0.00037252;-0.0019008;0.28795;0;0;0;0;0;0;0;0;0;0;0;0;0
105.5;0.03468;0.00039427;-0.0018818;0.28866;0;0;0;0;0;0;0;0;0;0;0;0;0
106;0.035245;0.00046748;-0.0019092;0.28942;0;0;0;0;0;0;0;0;0;0;0;0;0
106.5;0.035506;0.00037456;-0.0019802;0.29019;0;0;0;0;0;0;0;0;0;0;0;0;0
107;0.036208;0.00047817;-0.0020428;0.29089;0;0;0;0;0;0;0;0;0;0;0;0;0
107.5;0.036668;0.00054135;-0.0020236;0.29164;0;0;0;0;0;0;0;0;0;0;0;0;0
108;0.036928;0.00056784;-0.0020858;0.29232;0;0;0;0;0;0;0;0;0;0;0;0;0
108.5;0.037338;0.0006016;-0.0021715;0.29301;0;0;0;0;0;0;0;0;0;0;0;0;0
109;0.037861;0.00060542;-0.0021693;0.29373;0;0;0;0;0;0;0;0;0;0;0;0;0
109.5;0.038621;0.00064483;-0.0022144;0.29443;0;0;0;0;0;0;0;0;0;0;0;0;0
110;0.038995;0.00073947;-0.0022477;0.29506;0;0;0;0;0;0;0;0;0;0;0;0;0
110.5;0.039506;0.0006731;-0.0022895;0.29569;0;0;0;0;0;0;0;0;0;0;0;0;0
111;0.040002;0.00073337;-0.0023154;0.29636;0;0;0;0;0;0;0;0;0;0;0;0;0
111.5;0.040564;0.00072697;-0.0023401;0.29703;0;0;0;0;0;0;0;0;0;0;0;0;0
112;0.041076;0.00078726;-0.0023692;0.29765;0;0;0;0;0;0;0;0;0;0;0;0;0
112.5;0.041767;0.00086661;-0.0024245;0.29826;0;0;0;0;0;0;0;0;0;0;0;0;0
113;0.041409;0.00089171;-0.0024174;0.29898;0;0;0;0;0;0;0;0;0;0;0;0;0
113.5;0.042511;0.00094767;-0.0024762;0.29955;0;0;0;0;0;0;0;0;0;0;0;0;0
114;0.043088;0.0008809;-0.0025433;0.3002;0;0;0;0;0;0;0;0;0;0;0;0;0
114.5;0.04346;0.00092666;-0.0025445;0.30085;0;0;0;0;0;0;0;0;0;0;0;0;0
115;0.043967;0.0010874;-0.002617;0.30144;0;0;0;0;0;0;0;0;0;0;0;0;0
115.5;0.044431;0.0010497;-0.0026118;0.30203;0;0;0;0;0;0;0;0;0;0;0;0;0
116;0.044957;0.0011077;-0.0026273;0.3027;0;0;0;0;0;0;0;0;0;0;0;0;0
116.5;0.045478;0.0010303;-0.0027071;0.30326;0;0;0;0;0;0;0;0;0;0;0;0;0
117;0.046028;0.0010894;-0.0027705;0.30383;0;0;0;0;0;0;0;0;0;0;0;0;0
117.5;0.046515;0.0012125;-0.0027939;0.30444;0;0;0;0;0;0;0;0;0;0;0;0;0
118;0.047001;0.0012987;-0.0028499;0.30504;0;0;0;0;0;0;0;0;0;0;0;0;0
118.5;0.047519;0.0012665;-0.0028398;0.30554;0;0;0;0;0;0;0;0;0;0;0;0;0
119;0.04803;0.0013033;-0.0028774;0.30614;0;0;0;0;0;0;0;0;0;0;0;0;0
119.5;0.048524;0.0012925;-0.0029399;0.30673;0;0;0;0;0;0;0;0;0;0;0;0;0
120;0.048985;0.0013839;-0.0029706;0.30727;0;0;0;0;0;0;0;0;0;0;0;0;0
120.5;0.049508;0.0014715;-0.0029851;0.30786;0;0;0;0;0;0;0;0;0;0;0;0;0
121;0.050004;0.0014631;-0.003019;0.30844;0;0;0;0;0;0;0;0;0;0;0;0;0
121.5;0.050583;0.0014975;-0.0030563;0.30892;0;0;0;0;0;0;0;0;0;0;0;0;0
122;0.051103;0.001484;-0.0030643;0.3095;0;0;0;0;0;0;0;0;0;0;0;0;0
122.5;0.05166;0.0014931;-0.0031084;0.31008;0;0;0;0;0;0;0;0;0;0;0;0;0
123;0.052272;0.0016233;-0.003163;0.31062;0;0;0;0;0;0;0;0;0;0;0;0;0
123.5;0.0528;0.0017202;-0.0031714;0.31119;0;0;0;0;0;0;0;0;0;0;0;0;0
124;0.053164;0.0017361;-0.0032121;0.31177;0;0;0;0;0;0;0;0;0;0;0;0;0
124.5;0.053551;0.0016643;-0.0032347;0.31224;0;0;0;0;0;0;0;0;0;0;0;0;0
125;0.054245;0.001657;-0.0032555;0.3128;0;0;0;0;0;0;0;0;0;0;0;0;0
125.5;0.054685;0.0017607;-0.0033422;0.31335;0;0;0;0;0;0;0;0;0;0;0;0;0
126;0.055219;0.0019075;-0.0033614;0.31384;0;0;0;0;0;0;0;0;0;0;0;0;0
126.5;0.055871;0.0019217;-0.0034068;0.31434;0;0;0;0;0;0;0;0;0;0;0;0;0
127;0.056358;0.0019752;-0.0034261;0.31487;0;0;0;0;0;0;0;0;0;0;0;0;0
127.5;0.056918;0.0019096;-0.0034398;0.31539;0;0;0;0;0;0;0;0;0;0;0;0;0
128;0.057476;0.0019661;-0.0034288;0.31588;0;0;0;0;0;0;0;0;0;0;0;0;0
128.5;0.057854;0.0019729;-0.0035133;0.31639;0;0;0;0;0;0;0;0;0;0;0;0;0
129;0.058634;0.0020593;-0.0035509;0.31692;0;0;0;0;0;0;0;0;0;0;0;0;0
129.5;0.059003;0.0021095;-0.0035512;0.31736;0;0;0;0;0;0;0;0;0;0;0;0;0
130;0.059434;0.002073;-0.0036298;0.31786;0;0;0;0;0;0;0;0;0;0;0;0;0
130.5;0.060165;0.0021341;-0.0036074;0.31836;0;0;0;0;0;0;0;0;0;0;0;0;0
131;0.060482;0.0020831;-0.0036747;0.31886;0;0;0;0;0;0;0;0;0;0;0;0;0
131.5;0.061002;0.002211;-0.0037165;0.31931;0;0;0;0;0;0;0;0;0;0;0;0;0
132;0.061491;0.0022865;-0.0037517;0.31976;0;0;0;0;0;0;0;0;0;0;0;0;0
132.5;0.062157;0.0023141;-0.0037773;0.32024;0;0;0;0;0;0;0;0;0;0;0;0;0
133;0.062657;0.0023552;-0.0038785;0.32069;0;0;0;0;0;0;0;0;0;0;0;0;0
133.5;0.063233;0.0023071;-0.0039031;0.32116;0;0;0;0;0;0;0;0;0;0;0;0;0
134;0.063759;0.0023271;-0.0039356;0.3216;0;0;0;0;0;0;0;0;0;0;0;0;0
134.5;0.064177;0.0023628;-0.0039446;0.32204;0;0;0;0;0;0;0;0;0;0;0;0;0
135;0.064866;0.0023907;-0.0040052;0.32249;0;0;0;0;0;0;0;0;0;0;0;0;0
135.5;0.0653;0.0024872;-0.0040321;0.32292;0;0;0;0;0;0;0;0;0;0;0;0;0
136;0.06589;0.0025235;-0.0040457;0.32339;0;0;0;0;0;0;0;0;0;0;0;0;0
136.5;0.06643;0.0025215;-0.0041421;0.32377;0;0;0;0;0;0;0;0;0;0;0;0;0
137;0.066975;0.0024932;-0.0041782;0.32422;0;0;0;0;0;0;0;0;0;0;0;0;0
137.5;0.067498;0.0025286;-0.0041692;0.32466;0;0;0;0;0;0;0;0;0;0;0;0;0
138;0.068077;0.0026801;-0.0042434;0.32507;0;0;0;0;0;0;0;0;0;0;0;0;0
138.5;0.068666;0.0027049;-0.0043026;0.3255;0;0;0;0;0;0;0;0;0;0;0;0;0
139;0.069287;0.002722;-0.0043646;0.32594;0;0;0;0;0;0;0;0;0;0;0;0;0
139.5;0.069624;0.0026813;-0.0043765;0.32631;0;0;0;0;0;0;0;0;0;0;0;0;0
140;0.070172;0.0026709;-0.0044396;0.32678;0;0;0;0;0;0;0;0;0;0;0;0;0
140.5;0.07072;0.0026947;-0.0044728;0.32718;0;0;0;0;0;0;0;0;0;0;0;0;0
141;0.071341;0.0027613;-0.0044845;0.3276;0;0;0;0;0;0;0;0;0;0;0;0;0
141.5;0.071753;0.002777;-0.0045501;0.32801;0;0;0;0;0;0;0;0;0;0;0;0;0
142;0.072363;0.0028469;-0.0045844;0.32844;0;0;0;0;0;0;0;0;0;0;0;0;0
142.5;0.072784;0.0028668;-0.0046848;0.32883;0;0;0;0;0;0;0;0;0;0;0;0;0
143;0.073504;0.0028554;-0.0046772;0.32925;0;0;0;0;0;0;0;0;0;0;0;0;0
143.5;0.074022;0.0028594;-0.0047301;0.32965;0;0;0;0;0;0;0;0;0;0;0;0;0
144;0.074414;0.0029591;-0.0047727;0.33002;0;0;0;0;0;0;0;0;0;0;0;0;0
144.5;0.075273;0.0029769;-0.0048153;0.33044;0;0;0;0;0;0;0;0;0;0;0;0;0
145;0.075746;0.0030607;-0.0048045;0.33079;0;0;0;0;0;0;0;0;0;0;0;0;0
145.5;0.076089;0.003106;-0.004907;0.3312;0;0;0;0;0;0;0;0;0;0;0;0;0
146;0.076698;0.0031699;-0.0049404;0.33161;0;0;0;0;0;0;0;0;0;0;0;0;0
146.5;0.077283;0.0030479;-0.0050417;0.33201;0;0;0;0;0;0;0;0;0;0;0;0;0
147;0.077922;0.0031642;-0.0050495;0.33239;0;0;0;0;0;0;0;0;0;0;0;0;0
147.5;0.078257;0.0032265;-0.0050522;0.33277;0;0;0;0;0;0;0;0;0;0;0;0;0
148;0.078874;0.0033265;-0.0050836;0.33316;0;0;0;0;0;0;0;0;0;0;0;0;0
148.5;0.079453;0.0032495;-0.0051596;0.33352;0;0;0;0;0;0;0;0;0;0;0;0;0
149;0.080126;0.0032846;-0.0052339;0.33393;0;0;0;0;0;0;0;0;0;0;0;0;0
149.5;0.080487;0.0032626;-0.0052531;0.33431;0;0;0;0;0;0;0;0;0;0;0;0;0
150;0.081163;0.0033284;-0.0052806;0.33466;0;0;0;0;0;0;0;0;0;0;0;0;0
150.5;0.081659;0.0033669;-0.0053037;0.33504;0;0;0;0;0;0;0;0;0;0;0;0;0
151;0.08223;0.0033953;-0.0053587;0.33541;0;0;0;0;0;0;0;0;0;0;0;0;0
151.5;0.082872;0.0034649;-0.0054099;0.33574;0;0;0;0;0;0;0;0;0;0;0;0;0
152;0.083412;0.003512;-0.0054397;0.33613;0;0;0;0;0;0;0;0;0;0;0;0;0
152.5;0.083929;0.0035352;-0.0054439;0.3365;0;0;0;0;0;0;0;0;0;0;0;0;0
153;0.084527;0.0034054;-0.0055021;0.33684;0;0;0;0;0;0;0;0;0;0;0;0;0
153.5;0.085106;0.0035846;-0.0055741;0.33724;0;0;0;0;0;0;0;0;0;0;0;0;0
154;0.08562;0.0035574;-0.0056206;0.33759;0;0;0;0;0;0;0;0;0;0;0;0;0
154.5;0.086154;0.0036435;-0.0056245;0.33796;0;0;0;0;0;0;0;0;0;0;0;0;0
155;0.086758;0.0037083;-0.0056926;0.33831;0;0;0;0;0;0;0;0;0;0;0;0;0
155.5;0.08732;0.0037164;-0.0056588;0.33867;0;0;0;0;0;0;0;0;0;0;0;0;0
156;0.087841;0.0037398;-0.0057796;0.339;0;0;0;0;0;0;0;0;0;0;0;0;0
156.5;0.088396;0.0037218;-0.0058173;0.33933;0;0;0;0;0;0;0;0;0;0;0;0;0
157;0.088563;0.0037682;-0.0058152;0.33971;0;0;0;0;0;0;0;0;0;0;0;0;0
157.5;0.089513;0.0038569;-0.0058277;0.34;0;0;0;0;0;0;0;0;0;0;0;0;0
158;0.090177;0.0039344;-0.0058842;0.34035;0;0;0;0;0;0;0;0;0;0;0;0;0
158.5;0.09024;0.004011;-0.0059204;0.3407;0;0;0;0;0;0;0;0;0;0;0;0;0
159;0.09114;0.0040696;-0.0059705;0.34101;0;0;0;0;0;0;0;0;0;0;0;0;0
159.5;0.091595;0.0040646;-0.0060313;0.34133;0;0;0;0;0;0;0;0;0;0;0;0;0
160;0.092313;0.0040792;-0.0060595;0.34168;0;0;0;0;0;0;0;0;0;0;0;0;0
160.5;0.092838;0.0041181;-0.0060896;0.34199;0;0;0;0;0;0;0;0;0;0;0;0;0
161;0.093413;0.00418;-0.006096;0.34233;0;0;0;0;0;0;0;0;0;0;0;0;0
161.5;0.093975;0.0042465;-0.0061598;0.34268;0;0;0;0;0;0;0;0;0;0;0;0;0
162;0.094592;0.0042913;-0.0061988;0.34299;0;0;0;0;0;0;0;0;0;0;0;0;0
162.5;0.095269;0.0043909;-0.0062428;0.3433;0;0;0;0;0;0;0;0;0;0;0;0;0
163;0.095596;0.0044165;-0.0062639;0.34365;0;0;0;0;0;0;0;0;0;0;0;0;0
163.5;0.096255;0.004376;-0.0063132;0.34395;0;0;0;0;0;0;0;0;0;0;0;0;0
164;0.096961;0.0044426;-0.0063239;0.34428;0;0;0;0;0;0;0;0;0;0;0;0;0
164.5;0.097311;0.0044891;-0.0063527;0.34461;0;0;0;0;0;0;0;0;0;0;0;0;0
165;0.09814;0.0045477;-0.006466;0.34493;0;0;0;0;0;0;0;0;0;0;0;0;0
165.5;0.098926;0.0046322;-0.0064732;0.34522;0;0;0;0;0;0;0;0;0;0;0;0;0
166;0.099391;0.0046495;-0.0065576;0.34552;0;0;0;0;0;0;0;0;0;0;0;0;0
166.5;0.099766;0.004687;-0.0065541;0.34582;0;0;0;0;0;0;0;0;0;0;0;0;0
167;0.10022;0.0047117;-0.0066439;0.34612;0;0;0;0;0;0;0;0;0;0;0;0;0
167.5;0.10103;0.0047392;-0.0066305;0.34641;0;0;0;0;0;0;0;0;0;0;0;0;0
168;0.10144;0.0047868;-0.0066313;0.34671;0;0;0;0;0;0;0;0;0;0;0;0;0
168.5;0.10206;0.0048325;-0.0067097;0.347;0;0;0;0;0;0;0;0;0;0;0;0;0
169;0.10256;0.0049381;-0.0067643;0.34729;0;0;0;0;0;0;0;0;0;0;0;0;0
169.5;0.10318;0.0049888;-0.0067463;0.34758;0;0;0;0;0;0;0;0;0;0;0;0;0
170;0.10366;0.0050126;-0.0068174;0.34788;0;0;0;0;0;0;0;0;0;0;0;0;0
170.5;0.10434;0.0049918;-0.0068859;0.34815;0;0;0;0;0;0;0;0;0;0;0;0;0
171;0.10476;0.005052;-0.0069154;0.34842;0;0;0;0;0;0;0;0;0;0;0;0;0
171.5;0.1048;0.0050674;-0.0069145;0.34871;0;0;0;0;0;0;0;0;0;0;0;0;0
172;0.10592;0.0052;-0.0069446;0.34896;0;0;0;0;0;0;0;0;0;0;0;0;0
172.5;0.10701;0.0052192;-0.0070266;0.34926;0;0;0;0;0;0;0;0;0;0;0;0;0
173;0.10705;0.0052612;-0.0070498;0.34954;0;0;0;0;0;0;0;0;0;0;0;0;0
173.5;0.10775;0.0053805;-0.0070439;0.34982;0;0;0;0;0;0;0;0;0;0;0;0;0
174;0.10815;0.005348;-0.0070533;0.3501;0;0;0;0;0;0;0;0;0;0;0;0;0
174.5;0.10876;0.0053333;-0.0071176;0.35038;0;0;0;0;0;0;0;0;0;0;0;0;0
175;0.10931;0.005428;-0.0071622;0.35065;0;0;0;0;0;0;0;0;0;0;0;0;0
175.5;0.10997;0.0054978;-0.0072513;0.35091;0;0;0;0;0;0;0;0;0;0;0;0;0
176;0.11043;0.005609;-0.0072027;0.35119;0;0;0;0;0;0;0;0;0;0;0;0;0
176.5;0.11115;0.0056248;-0.0073056;0.35146;0;0;0;0;0;0;0;0;0;0;0;0;0
177;0.11161;0.0056928;-0.007278;0.35173;0;0;0;0;0;0;0;0;0;0;0;0;0
177.5;0.11217;0.0056998;-0.0073295;0.35199;0;0;0;0;0;0;0;0;0;0;0;0;0
178;0.1128;0.0057899;-0.007387;0.35229;0;0;0;0;0;0;0;0;0;0;0;0;0
178.5;0.11326;0.0057672;-0.0073584;0.35253;0;0;0;0;0;0;0;0;0;0;0;0;0
179;0.11391;0.0058324;-0.0074469;0.35281;0;0;0;0;0;0;0;0;0;0;0;0;0
179.5;0.11444;0.0059105;-0.0074354;0.35307;0;0;0;0;0;0;0;0;0;0;0;0;0
180;0.11494;0.0059129;-0.0074558;0.35331;0;0;0;0;0;0;0;0;0;0;0;0;0
180.5;0.11553;0.0059874;-0.0075372;0.3536;0;0;0;0;0;0;0;0;0;0;0;0;0
181;0.11615;0.0060218;-0.0075581;0.35387;0;0;0;0;0;0;0;0;0;0;0;0;0
181.5;0.11667;0.0060363;-0.0076182;0.35408;0;0;0;0;0;0;0;0;0;0;0;0;0
182;0.11726;0.0060823;-0.0075834;0.35436;0;0;0;0;0;0;0;0;0;0;0;0;0
182.5;0.1178;0.0061222;-0.0076763;0.35462;0;0;0;0;0;0;0;0;0;0;0;0;0
183;0.11844;0.0061845;-0.007714;0.35485;0;0;0;0;0;0;0;0;0;0;0;0;0
183.5;0.11893;0.006237;-0.0076937;0.35512;0;0;0;0;0;0;0;0;0;0;0;0;0
184;0.11951;0.0062943;-0.0077356;0.35537;0;0;0;0;0;0;0;0;0;0;0;0;0
184.5;0.11997;0.0063728;-0.0078031;0.3556;0;0;0;0;0;0;0;0;0;0;0;0;0
185;0.12052;0.006389;-0.0078271;0.35589;0;0;0;0;0;0;0;0;0;0;0;0;0
185.5;0.12131;0.0064002;-0.0078472;0.35616;0;0;0;0;0;0;0;0;0;0;0;0;0
186;0.12193;0.0064549;-0.0079077;0.35638;0;0;0;0;0;0;0;0;0;0;0;0;0
186.5;0.12248;0.0064954;-0.0079102;0.35666;0;0;0;0;0;0;0;0;0;0;0;0;0
187;0.12308;0.0065453;-0.0079713;0.35691;0;0;0;0;0;0;0;0;0;0;0;0;0
187.5;0.1235;0.0066019;-0.0079996;0.35713;0;0;0;0;0;0;0;0;0;0;0;0;0
188;0.12409;0.006663;-0.0080047;0.35738;0;0;0;0;0;0;0;0;0;0;0;0;0
188.5;0.12462;0.0067601;-0.0079946;0.35763;0;0;0;0;0;0;0;0;0;0;0;0;0
189;0.12521;0.0067596;-0.0080462;0.35784;0;0;0;0;0;0;0;0;0;0;0;0;0
189.5;0.1258;0.00682;-0.0080329;0.35808;0;0;0;0;0;0;0;0;0;0;0;0;0
190;0.12646;0.0068243;-0.0080909;0.35831;0;0;0;0;0;0;0;0;0;0;0;0;0
190.5;0.12713;0.0069064;-0.0081442;0.35851;0;0;0;0;0;0;0;0;0;0;0;0;0
191;0.1278;0.0069756;-0.0081664;0.35877;0;0;0;0;0;0;0;0;0;0;0;0;0
191.5;0.12824;0.0070058;-0.0081773;0.35899;0;0;0;0;0;0;0;0;0;0;0;0;0
192;0.1288;0.0070546;-0.008198;0.35923;0;0;0;0;0;0;0;0;0;0;0;0;0
192.5;0.12958;0.0071369;-0.0083523;0.35946;0;0;0;0;0;0;0;0;0;0;0;0;0
193;0.13011;0.0071542;-0.0083419;0.35969;0;0;0;0;0;0;0;0;0;0;0;0;0
193.5;0.13039;0.0071945;-0.0083791;0.35992;0;0;0;0;0;0;0;0;0;0;0;0;0
194;0.13103;0.0071395;-0.0083792;0.36017;0;0;0;0;0;0;0;0;0;0;0;0;0
194.5;0.13139;0.0072365;-0.0084796;0.36037;0;0;0;0;0;0;0;0;0;0;0;0;0
195;0.13222;0.0073675;-0.008498;0.3606;0;0;0;0;0;0;0;0;0;0;0;0;0
195.5;0.13286;0.0074627;-0.0085197;0.36085;0;0;0;0;0;0;0;0;0;0;0;0;0
196;0.13317;0.0074589;-0.0085826;0.36105;0;0;0;0;0;0;0;0;0;0;0;0;0
196.5;0.13395;0.0075067;-0.0086406;0.36127;0;0;0;0;0;0;0;0;0;0;0;0;0
197;0.13448;0.0075311;-0.0086351;0.36151;0;0;0;0;0;0;0;0;0;0;0;0;0
197.5;0.13505;0.0075803;-0.0086537;0.36172;0;0;0;0;0;0;0;0;0;0;0;0;0
198;0.13566;0.0076151;-0.0087409;0.36192;0;0;0;0;0;0;0;0;0;0;0;0;0
198.5;0.13616;0.0076706;-0.0087699;0.36214;0;0;0;0;0;0;0;0;0;0;0;0;0
199;0.1368;0.0077826;-0.008798;0.36235;0;0;0;0;0;0;0;0;0;0;0;0;0
199.5;0.13747;0.0077807;-0.0088212;0.36255;0;0;0;0;0;0;0;0;0;0;0;0;0
200;0.13791;0.0079081;-0.0089059;0.36276;0;0;0;0;0;0;0;0;0;0;0;0;0
200.5;0.13859;0.0079528;-0.0088772;0.36295;0;0;0;0;0;0;0;0;0;0;0;0;0
201;0.13892;0.0079533;-0.0089568;0.36316;0;0;0;0;0;0;0;0;0;0;0;0;0
201.5;0.13973;0.0079688;-0.0089783;0.36336;0;0;0;0;0;0;0;0;0;0;0;0;0
202.01;0.14039;0.0080804;-0.0089528;0.36357;0;0;0;0;0;0;0;0;0;0;0;0;0
202.5;0.14094;0.008112;-0.00905;0.36376;0;0;0;0;0;0;0;0;0;0;0;0;0
203;0.14165;0.0081407;-0.0090464;0.36392;0;0;0;0;0;0;0;0;0;0;0;0;0
203.5;0.14175;0.0082162;-0.0090745;0.36414;0;0;0;0;0;0;0;0;0;0;0;0;0
204;0.14264;0.0082975;-0.0091232;0.36434;0;0;0;0;0;0;0;0;0;0;0;0;0
204.5;0.14309;0.0083477;-0.0092082;0.36453;0;0;0;0;0;0;0;0;0;0;0;0;0
205;0.1438;0.0083331;-0.0092449;0.36473;0;0;0;0;0;0;0;0;0;0;0;0;0
205.5;0.1444;0.0084039;-0.0093212;0.36492;0;0;0;0;0;0;0;0;0;0;0;0;0
206;0.14501;0.0084804;-0.0092808;0.36512;0;0;0;0;0;0;0;0;0;0;0;0;0
206.5;0.14555;0.0085222;-0.0093613;0.36531;0;0;0;0;0;0;0;0;0;0;0;0;0
207;0.14618;0.0085992;-0.0093505;0.36552;0;0;0;0;0;0;0;0;0;0;0;0;0
207.5;0.14677;0.0086396;-0.0094165;0.36573;0;0;0;0;0;0;0;0;0;0;0;0;0
208;0.14734;0.0087231;-0.0095002;0.36589;0;0;0;0;0;0;0;0;0;0;0;0;0
208.5;0.1479;0.0087434;-0.0094931;0.36611;0;0;0;0;0;0;0;0;0;0;0;0;0
209;0.14849;0.0087071;-0.0094902;0.36632;0;0;0;0;0;0;0;0;0;0;0;0;0
209.5;0.14917;0.0087434;-0.0095327;0.3665;0;0;0;0;0;0;0;0;0;0;0;0;0
210;0.14977;0.0087993;-0.0096019;0.3667;0;0;0;0;0;0;0;0;0;0;0;0;0
210.5;0.15028;0.008861;-0.0095904;0.36688;0;0;0;0;0;0;0;0;0;0;0;0;0
211;0.15086;0.0088776;-0.0096012;0.36707;0;0;0;0;0;0;0;0;0;0;0;0;0
211.5;0.15136;0.009025;-0.0096691;0.36725;0;0;0;0;0;0;0;0;0;0;0;0;0
212;0.15207;0.0090716;-0.0096194;0.36744;0;0;0;0;0;0;0;0;0;0;0;0;0
212.5;0.15273;0.0091366;-0.0096634;0.36761;0;0;0;0;0;0;0;0;0;0;0;0;0
213;0.15331;0.0091223;-0.0097105;0.36779;0;0;0;0;0;0;0;0;0;0;0;0;0
213.5;0.15388;0.0091332;-0.0097402;0.36799;0;0;0;0;0;0;0;0;0;0;0;0;0
214;0.15439;0.0091944;-0.0097933;0.36817;0;0;0;0;0;0;0;0;0;0;0;0;0
214.5;0.15511;0.0093197;-0.0097664;0.36837;0;0;0;0;0;0;0;0;0;0;0;0;0
215;0.15568;0.0093094;-0.0098401;0.36855;0;0;0;0;0;0;0;0;0;0;0;0;0
215.5;0.15611;0.0093833;-0.009837;0.36872;0;0;0;0;0;0;0;0;0;0;0;0;0
216;0.1568;0.009418;-0.0098528;0.36889;0;0;0;0;0;0;0;0;0;0;0;0;0
216.5;0.15743;0.0094807;-0.0099209;0.36908;0;0;0;0;0;0;0;0;0;0;0;0;0
217;0.15797;0.0095268;-0.0099255;0.36925;0;0;0;0;0;0;0;0;0;0;0;0;0
217.5;0.15886;0.0096059;-0.0099232;0.36943;0;0;0;0;0;0;0;0;0;0;0;0;0
218;0.15921;0.0096695;-0.0099962;0.36964;0;0;0;0;0;0;0;0;0;0;0;0;0
218.5;0.15946;0.0096665;-0.010002;0.36982;0;0;0;0;0;0;0;0;0;0;0;0;0
219;0.16032;0.0097467;-0.010039;0.37001;0;0;0;0;0;0;0;0;0;0;0;0;0
219.5;0.16087;0.009839;-0.01002;0.3702;0;0;0;0;0;0;0;0;0;0;0;0;0
220;0.16179;0.0098794;-0.010059;0.37038;0;0;0;0;0;0;0;0;0;0;0;0;0
220.5;0.16203;0.0098904;-0.010097;0.37056;0;0;0;0;0;0;0;0;0;0;0;0;0
221;0.16259;0.0099624;-0.01014;0.37073;0;0;0;0;0;0;0;0;0;0;0;0;0
221.5;0.16317;0.0099737;-0.010171;0.37089;0;0;0;0;0;0;0;0;0;0;0;0;0
222;0.16384;0.010024;-0.01027;0.37105;0;0;0;0;0;0;0;0;0;0;0;0;0
222.5;0.1646;0.010063;-0.010354;0.3712;0;0;0;0;0;0;0;0;0;0;0;0;0
223;0.16487;0.010152;-0.010344;0.37136;0;0;0;0;0;0;0;0;0;0;0;0;0
223.5;0.1653;0.01024;-0.010348;0.37153;0;0;0;0;0;0;0;0;0;0;0;0;0
224;0.16623;0.010314;-0.010428;0.37168;0;0;0;0;0;0;0;0;0;0;0;0;0
224.5;0.16595;0.010338;-0.01042;0.37186;0;0;0;0;0;0;0;0;0;0;0;0;0
225;0.16728;0.010406;-0.010477;0.37202;0;0;0;0;0;0;0;0;0;0;0;0;0
225.5;0.16779;0.010448;-0.010499;0.37217;0;0;0;0;0;0;0;0;0;0;0;0;0
226;0.16844;0.010473;-0.010477;0.37236;0;0;0;0;0;0;0;0;0;0;0;0;0
226.5;0.16906;0.010543;-0.010509;0.37251;0;0;0;0;0;0;0;0;0;0;0;0;0
227;0.16969;0.010635;-0.010548;0.37268;0;0;0;0;0;0;0;0;0;0;0;0;0
227.5;0.17035;0.01068;-0.010516;0.37286;0;0;0;0;0;0;0;0;0;0;0;0;0
228;0.1709;0.010781;-0.010573;0.37302;0;0;0;0;0;0;0;0;0;0;0;0;0
228.5;0.17144;0.010841;-0.010596;0.37318;0;0;0;0;0;0;0;0;0;0;0;0;0
229;0.172;0.010832;-0.010561;0.37334;0;0;0;0;0;0;0;0;0;0;0;0;0
229.5;0.17271;0.010947;-0.010609;0.3735;0;0;0;0;0;0;0;0;0;0;0;0;0
230;0.17321;0.010985;-0.010666;0.37366;0;0;0;0;0;0;0;0;0;0;0;0;0
230.5;0.17395;0.011013;-0.010617;0.37382;0;0;0;0;0;0;0;0;0;0;0;0;0
231;0.17448;0.011061;-0.010737;0.37396;0;0;0;0;0;0;0;0;0;0;0;0;0
231.5;0.17509;0.011208;-0.010715;0.37411;0;0;0;0;0;0;0;0;0;0;0;0;0
232;0.17568;0.011235;-0.010753;0.37428;0;0;0;0;0;0;0;0;0;0;0;0;0
232.5;0.17625;0.011273;-0.010807;0.37441;0;0;0;0;0;0;0;0;0;0;0;0;0
233;0.17679;0.011368;-0.010848;0.37457;0;0;0;0;0;0;0;0;0;0;0;0;0
233.5;0.17739;0.011347;-0.010924;0.37471;0;0;0;0;0;0;0;0;0;0;0;0;0
234;0.17815;0.011399;-0.0109;0.37485;0;0;0;0;0;0;0;0;0;0;0;0;0
234.5;0.17862;0.01141;-0.010951;0.37501;0;0;0;0;0;0;0;0;0;0;0;0;0
235;0.17941;0.011562;-0.010945;0.37516;0;0;0;0;0;0;0;0;0;0;0;0;0
235.5;0.17975;0.011572;-0.010992;0.37528;0;0;0;0;0;0;0;0;0;0;0;0;0
236;0.1804;0.011679;-0.011079;0.37543;0;0;0;0;0;0;0;0;0;0;0;0;0
236.5;0.18103;0.011784;-0.011101;0.37558;0;0;0;0;0;0;0;0;0;0;0;0;0
237;0.18129;0.011834;-0.011143;0.37572;0;0;0;0;0;0;0;0;0;0;0;0;0
237.5;0.18185;0.011856;-0.011189;0.37585;0;0;0;0;0;0;0;0;0;0;0;0;0
238;0.18272;0.011975;-0.011186;0.37601;0;0;0;0;0;0;0;0;0;0;0;0;0
238.5;0.18325;0.011961;-0.011244;0.37614;0;0;0;0;0;0;0;0;0;0;0;0;0
239;0.18353;0.011966;-0.011242;0.37628;0;0;0;0;0;0;0;0;0;0;0;0;0
239.5;0.18451;0.012054;-0.011263;0.37644;0;0;0;0;0;0;0;0;0;0;0;0;0
240;0.18505;0.012156;-0.01131;0.37658;0;0;0;0;0;0;0;0;0;0;0;0;0
240.5;0.18576;0.012205;-0.011321;0.37671;0;0;0;0;0;0;0;0;0;0;0;0;0
241;0.18648;0.012315;-0.011388;0.37687;0;0;0;0;0;0;0;0;0;0;0;0;0
241.5;0.18662;0.012276;-0.011426;0.37702;0;0;0;0;0;0;0;0;0;0;0;0;0
242;0.18742;0.012369;-0.011456;0.37714;0;0;0;0;0;0;0;0;0;0;0;0;0
242.5;0.18776;0.012426;-0.011471;0.37729;0;0;0;0;0;0;0;0;0;0;0;0;0
243;0.18848;0.012442;-0.01148;0.37742;0;0;0;0;0;0;0;0;0;0;0;0;0
243.5;0.18918;0.012571;-0.011503;0.37753;0;0;0;0;0;0;0;0;0;0;0;0;0
244;0.1898;0.012597;-0.011561;0.37765;0;0;0;0;0;0;0;0;0;0;0;0;0
244.5;0.19037;0.012672;-0.011658;0.37777;0;0;0;0;0;0;0;0;0;0;0;0;0
245;0.19097;0.012732;-0.011651;0.37789;0;0;0;0;0;0;0;0;0;0;0;0;0
245.5;0.19191;0.012895;-0.011688;0.37801;0;0;0;0;0;0;0;0;0;0;0;0;0
246;0.19244;0.01293;-0.011697;0.37814;0;0;0;0;0;0;0;0;0;0;0;0;0
246.5;0.19321;0.01303;-0.011703;0.37825;0;0;0;0;0;0;0;0;0;0;0;0;0
247;0.19338;0.013007;-0.011744;0.37837;0;0;0;0;0;0;0;0;0;0;0;0;0
247.5;0.19373;0.013087;-0.011816;0.37849;0;0;0;0;0;0;0;0;0;0;0;0;0
248;0.19455;0.013133;-0.011807;0.37859;0;0;0;0;0;0;0;0;0;0;0;0;0
248.5;0.19521;0.013244;-0.011855;0.3787;0;0;0;0;0;0;0;0;0;0;0;0;0
249;0.19574;0.013339;-0.011877;0.37884;0;0;0;0;0;0;0;0;0;0;0;0;0
249.5;0.19675;0.013434;-0.011888;0.37898;0;0;0;0;0;0;0;0;0;0;0;0;0
250;0.19689;0.013516;-0.011941;0.37908;0;0;0;0;0;0;0;0;0;0;0;0;0
250.5;0.19769;0.013565;-0.011949;0.37921;0;0;0;0;0;0;0;0;0;0;0;0;0
251;0.19822;0.013621;-0.012035;0.37937;0;0;0;0;0;0;0;0;0;0;0;0;0
251.5;0.19879;0.013712;-0.011996;0.37949;0;0;0;0;0;0;0;0;0;0;0;0;0
252;0.19928;0.013796;-0.012052;0.37964;0;0;0;0;0;0;0;0;0;0;0;0;0
252.5;0.20008;0.013861;-0.011986;0.37975;0;0;0;0;0;0;0;0;0;0;0;0;0
253;0.20012;0.013922;-0.012091;0.37988;0;0;0;0;0;0;0;0;0;0;0;0;0
253.5;0.20119;0.01397;-0.012099;0.37999;0;0;0;0;0;0;0;0;0;0;0;0;0
254;0.2016;0.014141;-0.012116;0.38012;0;0;0;0;0;0;0;0;0;0;0;0;0
254.5;0.20231;0.014168;-0.012153;0.38023;0;0;0;0;0;0;0;0;0;0;0;0;0
255;0.20287;0.014236;-0.012146;0.38034;0;0;0;0;0;0;0;0;0;0;0;0;0
255.5;0.2035;0.014282;-0.012231;0.38048;0;0;0;0;0;0;0;0;0;0;0;0;0
256;0.20401;0.014376;-0.012261;0.38058;0;0;0;0;0;0;0;0;0;0;0;0;0
256.5;0.20479;0.014384;-0.012245;0.38071;0;0;0;0;0;0;0;0;0;0;0;0;0
257;0.20537;0.01456;-0.012287;0.38084;0;0;0;0;0;0;0;0;0;0;0;0;0
257.5;0.20589;0.014575;-0.012314;0.38095;0;0;0;0;0;0;0;0;0;0;0;0;0
258;0.20652;0.014702;-0.012357;0.38106;0;0;0;0;0;0;0;0;0;0;0;0;0
258.5;0.20722;0.014789;-0.012334;0.38118;0;0;0;0;0;0;0;0;0;0;0;0;0
259;0.20766;0.014836;-0.012343;0.3813;0;0;0;0;0;0;0;0;0;0;0;0;0
259.5;0.20824;0.014891;-0.012421;0.3814;0;0;0;0;0;0;0;0;0;0;0;0;0
260;0.20886;0.014956;-0.012434;0.3815;0;0;0;0;0;0;0;0;0;0;0;0;0
260.5;0.2095;0.014999;-0.012494;0.38161;0;0;0;0;0;0;0;0;0;0;0;0;0
261;0.21005;0.015092;-0.012442;0.38173;0;0;0;0;0;0;0;0;0;0;0;0;0
261.5;0.2106;0.015155;-0.012515;0.38184;0;0;0;0;0;0;0;0;0;0;0;0;0
262;0.21127;0.015173;-0.012541;0.38195;0;0;0;0;0;0;0;0;0;0;0;0;0
262.5;0.21189;0.015289;-0.012567;0.38206;0;0;0;0;0;0;0;0;0;0;0;0;0
263;0.21254;0.015396;-0.012626;0.38218;0;0;0;0;0;0;0;0;0;0;0;0;0
263.5;0.21311;0.015432;-0.012594;0.3823;0;0;0;0;0;0;0;0;0;0;0;0;0
264;0.2136;0.015534;-0.012658;0.38241;0;0;0;0;0;0;0;0;0;0;0;0;0
264.5;0.21434;0.015591;-0.012702;0.38252;0;0;0;0;0;0;0;0;0;0;0;0;0
265;0.21498;0.015685;-0.012743;0.38262;0;0;0;0;0;0;0;0;0;0;0;0;0
265.5;0.21557;0.015695;-0.012763;0.38273;0;0;0;0;0;0;0;0;0;0;0;0;0
266;0.21605;0.01576;-0.012791;0.38284;0;0;0;0;0;0;0;0;0;0;0;0;0
266.5;0.2167;0.015863;-0.012841;0.38293;0;0;0;0;0;0;0;0;0;0;0;0;0
267;0.2173;0.015933;-0.012898;0.38304;0;0;0;0;0;0;0;0;0;0;0;0;0
267.5;0.2181;0.016025;-0.012881;0.38313;0;0;0;0;0;0;0;0;0;0;0;0;0
268;0.21863;0.01611;-0.013006;0.38323;0;0;0;0;0;0;0;0;0;0;0;0;0
268.5;0.21911;0.016115;-0.012977;0.38332;0;0;0;0;0;0;0;0;0;0;0;0;0
269;0.21982;0.016186;-0.01305;0.38341;0;0;0;0;0;0;0;0;0;0;0;0;0
269.5;0.22046;0.016286;-0.013082;0.38351;0;0;0;0;0;0;0;0;0;0;0;0;0
270;0.22094;0.016334;-0.013152;0.38362;0;0;0;0;0;0;0;0;0;0;0;0;0
270.5;0.22158;0.016427;-0.013225;0.38373;0;0;0;0;0;0;0;0;0;0;0;0;0
271;0.22217;0.016495;-0.01327;0.38384;0;0;0;0;0;0;0;0;0;0;0;0;0
271.5;0.22295;0.016592;-0.013333;0.38395;0;0;0;0;0;0;0;0;0;0;0;0;0
272;0.22365;0.016719;-0.013318;0.38408;0;0;0;0;0;0;0;0;0;0;0;0;0
272.5;0.22406;0.016758;-0.013408;0.38421;0;0;0;0;0;0;0;0;0;0;0;0;0
273;0.22459;0.016799;-0.01344;0.3843;0;0;0;0;0;0;0;0;0;0;0;0;0
273.5;0.22519;0.016881;-0.013474;0.38439;0;0;0;0;0;0;0;0;0;0;0;0;0
274;0.22583;0.016906;-0.013586;0.38449;0;0;0;0;0;0;0;0;0;0;0;0;0
274.5;0.22645;0.017022;-0.013594;0.38457;0;0;0;0;0;0;0;0;0;0;0;0;0
275;0.22697;0.017086;-0.01362;0.38466;0;0;0;0;0;0;0;0;0;0;0;0;0
275.5;0.22767;0.017159;-0.013694;0.38475;0;0;0;0;0;0;0;0;0;0;0;0;0
276;0.22827;0.017255;-0.013722;0.38483;0;0;0;0;0;0;0;0;0;0;0;0;0
276.5;0.22897;0.017337;-0.013799;0.38491;0;0;0;0;0;0;0;0;0;0;0;0;0
277;0.22956;0.017371;-0.013816;0.38502;0;0;0;0;0;0;0;0;0;0;0;0;0
277.5;0.23017;0.017477;-0.013908;0.38512;0;0;0;0;0;0;0;0;0;0;0;0;0
278;0.23075;0.017516;-0.013894;0.38522;0;0;0;0;0;0;0;0;0;0;0;0;0
278.5;0.23138;0.017619;-0.013922;0.38531;0;0;0;0;0;0;0;0;0;0;0;0;0
279;0.232;0.017728;-0.013985;0.3854;0;0;0;0;0;0;0;0;0;0;0;0;0
279.5;0.23263;0.017748;-0.014036;0.3855;0;0;0;0;0;0;0;0;0;0;0;0;0
280;0.23316;0.017898;-0.01408;0.3856;0;0;0;0;0;0;0;0;0;0;0;0;0
280.5;0.23386;0.017939;-0.014101;0.38569;0;0;0;0;0;0;0;0;0;0;0;0;0
281;0.2343;0.018008;-0.014183;0.38577;0;0;0;0;0;0;0;0;0;0;0;0;0
281.5;0.23504;0.018034;-0.014219;0.38586;0;0;0;0;0;0;0;0;0;0;0;0;0
282;0.2356;0.018138;-0.014283;0.38594;0;0;0;0;0;0;0;0;0;0;0;0;0
282.5;0.23576;0.018243;-0.014327;0.38603;0;0;0;0;0;0;0;0;0;0;0;0;0
283;0.23687;0.018275;-0.014398;0.38611;0;0;0;0;0;0;0;0;0;0;0;0;0
283.5;0.23732;0.018368;-0.014398;0.3862;0;0;0;0;0;0;0;0;0;0;0;0;0
284;0.23777;0.018422;-0.014505;0.38629;0;0;0;0;0;0;0;0;0;0;0;0;0
284.5;0.23914;0.018572;-0.01452;0.38637;0;0;0;0;0;0;0;0;0;0;0;0;0
285;0.23916;0.018587;-0.014535;0.38646;0;0;0;0;0;0;0;0;0;0;0;0;0
285.5;0.23979;0.018662;-0.014589;0.38654;0;0;0;0;0;0;0;0;0;0;0;0;0
286;0.24022;0.018723;-0.014662;0.38662;0;0;0;0;0;0;0;0;0;0;0;0;0
286.5;0.24109;0.018847;-0.014692;0.38671;0;0;0;0;0;0;0;0;0;0;0;0;0
287;0.24177;0.018896;-0.014754;0.38678;0;0;0;0;0;0;0;0;0;0;0;0;0
287.5;0.24235;0.018979;-0.014817;0.38686;0;0;0;0;0;0;0;0;0;0;0;0;0
288;0.24297;0.019066;-0.014876;0.38693;0;0;0;0;0;0;0;0;0;0;0;0;0
288.5;0.2436;0.019135;-0.014888;0.38701;0;0;0;0;0;0;0;0;0;0;0;0;0
289;0.244;0.019242;-0.014942;0.38709;0;0;0;0;0;0;0;0;0;0;0;0;0
289.5;0.24479;0.019288;-0.014994;0.38717;0;0;0;0;0;0;0;0;0;0;0;0;0
290;0.24514;0.019443;-0.015039;0.38724;0;0;0;0;0;0;0;0;0;0;0;0;0
290.5;0.24604;0.019536;-0.01506;0.38732;0;0;0;0;0;0;0;0;0;0;0;0;0
291;0.24625;0.019529;-0.015165;0.38738;0;0;0;0;0;0;0;0;0;0;0;0;0
291.5;0.24702;0.019644;-0.015156;0.38746;0;0;0;0;0;0;0;0;0;0;0;0;0
292;0.24775;0.019739;-0.015181;0.38753;0;0;0;0;0;0;0;0;0;0;0;0;0
292.5;0.24842;0.019808;-0.015336;0.38761;0;0;0;0;0;0;0;0;0;0;0;0;0
293;0.249;0.019866;-0.015405;0.38767;0;0;0;0;0;0;0;0;0;0;0;0;0
293.5;0.24972;0.01997;-0.015454;0.38775;0;0;0;0;0;0;0;0;0;0;0;0;0
294;0.25026;0.020071;-0.015485;0.38783;0;0;0;0;0;0;0;0;0;0;0;0;0
294.5;0.25098;0.020163;-0.015516;0.38789;0;0;0;0;0;0;0;0;0;0;0;0;0
295;0.25144;0.02025;-0.015562;0.38796;0;0;0;0;0;0;0;0;0;0;0;0;0
295.5;0.25219;0.020338;-0.015609;0.38803;0;0;0;0;0;0;0;0;0;0;0;0;0
296;0.25278;0.020402;-0.015626;0.3881;0;0;0;0;0;0;0;0;0;0;0;0;0
296.5;0.25326;0.020455;-0.015669;0.38818;0;0;0;0;0;0;0;0;0;0;0;0;0
297;0.25404;0.020553;-0.015754;0.38826;0;0;0;0;0;0;0;0;0;0;0;0;0
297.5;0.25462;0.020695;-0.015825;0.38833;0;0;0;0;0;0;0;0;0;0;0;0;0
298;0.25535;0.020754;-0.015814;0.38841;0;0;0;0;0;0;0;0;0;0;0;0;0
298.5;0.25581;0.020826;-0.015894;0.38848;0;0;0;0;0;0;0;0;0;0;0;0;0
299;0.25671;0.020926;-0.015964;0.38857;0;0;0;0;0;0;0;0;0;0;0;0;0
299.5;0.25703;0.020996;-0.015997;0.38866;0;0;0;0;0;0;0;0;0;0;0;0;0
300;0.25766;0.021101;-0.016085;0.38874;0;0;0;0;0;0;0;0;0;0;0;0;0
300.5;0.2583;0.02121;-0.01609;0.3888;0;0;0;0;0;0;0;0;0;0;0;0;0
301;0.259;0.021301;-0.016199;0.38887;0;0;0;0;0;0;0;0;0;0;0;0;0
301.5;0.26025;0.021456;-0.016212;0.38894;0;0;0;0;0;0;0;0;0;0;0;0;0
302;0.25997;0.021494;-0.016287;0.389;0;0;0;0;0;0;0;0;0;0;0;0;0
302.5;0.26061;0.021582;-0.016318;0.38907;0;0;0;0;0;0;0;0;0;0;0;0;0
303;0.26121;0.021679;-0.016317;0.38912;0;0;0;0;0;0;0;0;0;0;0;0;0
303.5;0.26208;0.02176;-0.016455;0.38917;0;0;0;0;0;0;0;0;0;0;0;0;0
304;0.26278;0.021879;-0.016471;0.38923;0;0;0;0;0;0;0;0;0;0;0;0;0
304.5;0.26318;0.021954;-0.016573;0.38928;0;0;0;0;0;0;0;0;0;0;0;0;0
305;0.26384;0.022066;-0.016593;0.38932;0;0;0;0;0;0;0;0;0;0;0;0;0
305.5;0.26444;0.02221;-0.016628;0.38938;0;0;0;0;0;0;0;0;0;0;0;0;0
306;0.265;0.022279;-0.016704;0.38944;0;0;0;0;0;0;0;0;0;0;0;0;0
306.5;0.26562;0.02242;-0.016755;0.38949;0;0;0;0;0;0;0;0;0;0;0;0;0
307;0.2662;0.022503;-0.016823;0.38955;0;0;0;0;0;0;0;0;0;0;0;0;0
307.5;0.26692;0.022641;-0.016901;0.38961;0;0;0;0;0;0;0;0;0;0;0;0;0
308;0.26747;0.022709;-0.016877;0.38967;0;0;0;0;0;0;0;0;0;0;0;0;0
308.5;0.26817;0.022844;-0.016932;0.38974;0;0;0;0;0;0;0;0;0;0;0;0;0
309;0.26877;0.022888;-0.017015;0.3898;0;0;0;0;0;0;0;0;0;0;0;0;0
309.5;0.27001;0.023077;-0.017058;0.38984;0;0;0;0;0;0;0;0;0;0;0;0;0
310;0.2699;0.023158;-0.017133;0.3899;0;0;0;0;0;0;0;0;0;0;0;0;0
310.5;0.27041;0.023273;-0.017184;0.38996;0;0;0;0;0;0;0;0;0;0;0;0;0
311;0.27125;0.023371;-0.017229;0.39;0;0;0;0;0;0;0;0;0;0;0;0;0
311.5;0.27184;0.023449;-0.017242;0.39006;0;0;0;0;0;0;0;0;0;0;0;0;0
312;0.27252;0.023579;-0.017321;0.39011;0;0;0;0;0;0;0;0;0;0;0;0;0
312.5;0.27315;0.023701;-0.017374;0.39015;0;0;0;0;0;0;0;0;0;0;0;0;0
313;0.27359;0.023793;-0.01746;0.39021;0;0;0;0;0;0;0;0;0;0;0;0;0
313.5;0.27439;0.023891;-0.017555;0.39026;0;0;0;0;0;0;0;0;0;0;0;0;0
314;0.27486;0.02403;-0.017567;0.3903;0;0;0;0;0;0;0;0;0;0;0;0;0
314.5;0.27554;0.024148;-0.017581;0.39035;0;0;0;0;0;0;0;0;0;0;0;0;0
315;0.27626;0.02425;-0.017685;0.3904;0;0;0;0;0;0;0;0;0;0;0;0;0
315.5;0.27682;0.024376;-0.017707;0.39045;0;0;0;0;0;0;0;0;0;0;0;0;0
316;0.2774;0.024469;-0.017839;0.39049;0;0;0;0;0;0;0;0;0;0;0;0;0
316.5;0.27806;0.02462;-0.017843;0.39053;0;0;0;0;0;0;0;0;0;0;0;0;0
317;0.27871;0.024736;-0.017958;0.39058;0;0;0;0;0;0;0;0;0;0;0;0;0
317.5;0.27923;0.024771;-0.01798;0.39063;0;0;0;0;0;0;0;0;0;0;0;0;0
318;0.27994;0.024885;-0.018123;0.39069;0;0;0;0;0;0;0;0;0;0;0;0;0
318.5;0.28059;0.02502;-0.018146;0.39074;0;0;0;0;0;0;0;0;0;0;0;0;0
319;0.28122;0.025163;-0.01822;0.39079;0;0;0;0;0;0;0;0;0;0;0;0;0
319.5;0.2818;0.025251;-0.018321;0.39085;0;0;0;0;0;0;0;0;0;0;0;0;0
320;0.28251;0.025342;-0.018371;0.39091;0;0;0;0;0;0;0;0;0;0;0;0;0
320.5;0.28309;0.025441;-0.018409;0.39098;0;0;0;0;0;0;0;0;0;0;0;0;0
321;0.28371;0.025553;-0.018465;0.39104;0;0;0;0;0;0;0;0;0;0;0;0;0
321.5;0.28437;0.025629;-0.018589;0.39109;0;0;0;0;0;0;0;0;0;0;0;0;0
322;0.28502;0.0258;-0.018587;0.39114;0;0;0;0;0;0;0;0;0;0;0;0;0
322.5;0.28544;0.025867;-0.018687;0.3912;0;0;0;0;0;0;0;0;0;0;0;0;0
323;0.28627;0.025992;-0.018725;0.39124;0;0;0;0;0;0;0;0;0;0;0;0;0
323.5;0.28684;0.02609;-0.018814;0.39128;0;0;0;0;0;0;0;0;0;0;0;0;0
324;0.2874;0.026214;-0.018874;0.39132;0;0;0;0;0;0;0;0;0;0;0;0;0
324.5;0.288;0.026297;-0.018872;0.39136;0;0;0;0;0;0;0;0;0;0;0;0;0
325;0.28862;0.026446;-0.019003;0.3914;0;0;0;0;0;0;0;0;0;0;0;0;0
325.5;0.28934;0.026518;-0.018994;0.39144;0;0;0;0;0;0;0;0;0;0;0;0;0
326;0.29002;0.026664;-0.019125;0.39149;0;0;0;0;0;0;0;0;0;0;0;0;0
326.5;0.29053;0.026772;-0.019153;0.39153;0;0;0;0;0;0;0;0;0;0;0;0;0
327;0.29137;0.026887;-0.019196;0.39157;0;0;0;0;0;0;0;0;0;0;0;0;0
327.5;0.29194;0.026944;-0.01925;0.39162;0;0;0;0;0;0;0;0;0;0;0;0;0
328;0.29313;0.027064;-0.019291;0.39166;0;0;0;0;0;0;0;0;0;0;0;0;0
328.5;0.29327;0.02718;-0.019334;0.39169;0;0;0;0;0;0;0;0;0;0;0;0;0
329;0.29368;0.027295;-0.019451;0.39173;0;0;0;0;0;0;0;0;0;0;0;0;0
329.5;0.2941;0.027325;-0.019475;0.39176;0;0;0;0;0;0;0;0;0;0;0;0;0
330;0.29486;0.027521;-0.019503;0.39179;0;0;0;0;0;0;0;0;0;0;0;0;0
330.5;0.29543;0.027569;-0.019594;0.39182;0;0;0;0;0;0;0;0;0;0;0;0;0
331;0.29614;0.027691;-0.019631;0.39186;0;0;0;0;0;0;0;0;0;0;0;0;0
331.5;0.29683;0.027799;-0.01975;0.39189;0;0;0;0;0;0;0;0;0;0;0;0;0
332;0.29746;0.02791;-0.019759;0.39193;0;0;0;0;0;0;0;0;0;0;0;0;0
332.5;0.29804;0.028015;-0.019828;0.39196;0;0;0;0;0;0;0;0;0;0;0;0;0
333;0.29864;0.028128;-0.01984;0.392;0;0;0;0;0;0;0;0;0;0;0;0;0
333.5;0.29932;0.028198;-0.019925;0.39203;0;0;0;0;0;0;0;0;0;0;0;0;0
334;0.29996;0.028384;-0.019935;0.39206;0;0;0;0;0;0;0;0;0;0;0;0;0
334.5;0.30057;0.028444;-0.020025;0.39209;0;0;0;0;0;0;0;0;0;0;0;0;0
335;0.30123;0.028557;-0.020136;0.39212;0;0;0;0;0;0;0;0;0;0;0;0;0
335.5;0.3016;0.028693;-0.020118;0.39217;0;0;0;0;0;0;0;0;0;0;0;0;0
336;0.30238;0.028755;-0.020139;0.39221;0;0;0;0;0;0;0;0;0;0;0;0;0
336.5;0.30304;0.028949;-0.020249;0.39224;0;0;0;0;0;0;0;0;0;0;0;0;0
337;0.30363;0.028962;-0.020256;0.39227;0;0;0;0;0;0;0;0;0;0;0;0;0
337.5;0.3042;0.02906;-0.020378;0.3923;0;0;0;0;0;0;0;0;0;0;0;0;0
338;0.30501;0.02925;-0.020392;0.39233;0;0;0;0;0;0;0;0;0;0;0;0;0
338.5;0.30563;0.029335;-0.020456;0.39237;0;0;0;0;0;0;0;0;0;0;0;0;0
339;0.30599;0.029463;-0.020533;0.39239;0;0;0;0;0;0;0;0;0;0;0;0;0
339.5;0.30673;0.029537;-0.020589;0.39241;0;0;0;0;0;0;0;0;0;0;0;0;0
340;0.30744;0.029709;-0.020671;0.39244;0;0;0;0;0;0;0;0;0;0;0;0;0
340.5;0.30799;0.029805;-0.020707;0.39247;0;0;0;0;0;0;0;0;0;0;0;0;0
341;0.3087;0.029939;-0.02075;0.39248;0;0;0;0;0;0;0;0;0;0;0;0;0
341.5;0.30931;0.030077;-0.020798;0.3925;0;0;0;0;0;0;0;0;0;0;0;0;0
342;0.30993;0.030164;-0.020885;0.39253;0;0;0;0;0;0;0;0;0;0;0;0;0
342.5;0.31052;0.030238;-0.020923;0.39255;0;0;0;0;0;0;0;0;0;0;0;0;0
343;0.31123;0.030463;-0.020969;0.39257;0;0;0;0;0;0;0;0;0;0;0;0;0
343.5;0.31177;0.030473;-0.021052;0.3926;0;0;0;0;0;0;0;0;0;0;0;0;0
344;0.31264;0.030651;-0.021071;0.39262;0;0;0;0;0;0;0;0;0;0;0;0;0
344.5;0.31311;0.030735;-0.021167;0.39264;0;0;0;0;0;0;0;0;0;0;0;0;0
345;0.31367;0.030844;-0.02121;0.39267;0;0;0;0;0;0;0;0;0;0;0;0;0
345.5;0.31432;0.030993;-0.021266;0.3927;0;0;0;0;0;0;0;0;0;0;0;0;0
346;0.31494;0.031131;-0.021338;0.39273;0;0;0;0;0;0;0;0;0;0;0;0;0
346.5;0.31587;0.031151;-0.021369;0.39274;0;0;0;0;0;0;0;0;0;0;0;0;0
347;0.31625;0.031332;-0.021462;0.39277;0;0;0;0;0;0;0;0;0;0;0;0;0
347.5;0.31683;0.03148;-0.021493;0.3928;0;0;0;0;0;0;0;0;0;0;0;0;0
348;0.31753;0.031557;-0.021582;0.39282;0;0;0;0;0;0;0;0;0;0;0;0;0
348.5;0.31803;0.031704;-0.021579;0.39284;0;0;0;0;0;0;0;0;0;0;0;0;0
349;0.31878;0.031861;-0.021643;0.39286;0;0;0;0;0;0;0;0;0;0;0;0;0
349.5;0.31917;0.031932;-0.021646;0.39289;0;0;0;0;0;0;0;0;0;0;0;0;0
350;0.32016;0.032033;-0.021779;0.39292;0;0;0;0;0;0;0;0;0;0;0;0;0
350.5;0.32099;0.032209;-0.021838;0.39295;0;0;0;0;0;0;0;0;0;0;0;0;0
351;0.32138;0.032298;-0.02183;0.39297;0;0;0;0;0;0;0;0;0;0;0;0;0
351.5;0.32231;0.032399;-0.021815;0.39298;0;0;0;0;0;0;0;0;0;0;0;0;0
352;0.32228;0.032538;-0.02194;0.393;0;0;0;0;0;0;0;0;0;0;0;0;0
352.5;0.32321;0.032671;-0.021977;0.39302;0;0;0;0;0;0;0;0;0;0;0;0;0
353;0.32382;0.032861;-0.022046;0.39304;0;0;0;0;0;0;0;0;0;0;0;0;0
353.5;0.32442;0.0329;-0.022159;0.39305;0;0;0;0;0;0;0;0;0;0;0;0;0
354;0.32499;0.033019;-0.022184;0.39305;0;0;0;0;0;0;0;0;0;0;0;0;0
354.5;0.32569;0.03318;-0.022269;0.39307;0;0;0;0;0;0;0;0;0;0;0;0;0
355;0.32636;0.033364;-0.022361;0.39309;0;0;0;0;0;0;0;0;0;0;0;0;0
355.5;0.32692;0.033469;-0.022418;0.39311;0;0;0;0;0;0;0;0;0;0;0;0;0
356;0.32757;0.033564;-0.022467;0.39312;0;0;0;0;0;0;0;0;0;0;0;0;0
356.5;0.32815;0.033686;-0.022575;0.39312;0;0;0;0;0;0;0;0;0;0;0;0;0
357;0.32877;0.033785;-0.022638;0.39314;0;0;0;0;0;0;0;0;0;0;0;0;0
357.5;0.32948;0.033983;-0.022638;0.39315;0;0;0;0;0;0;0;0;0;0;0;0;0
358;0.33004;0.034063;-0.022735;0.39316;0;0;0;0;0;0;0;0;0;0;0;0;0
358.5;0.33068;0.034212;-0.022824;0.39316;0;0;0;0;0;0;0;0;0;0;0;0;0
359;0.33129;0.034373;-0.022881;0.39316;0;0;0;0;0;0;0;0;0;0;0;0;0
359.5;0.33196;0.034509;-0.022966;0.39317;0;0;0;0;0;0;0;0;0;0;0;0;0
360;0.33251;0.034618;-0.023028;0.39317;0;0;0;0;0;0;0;0;0;0;0;0;0
360.5;0.33304;0.034709;-0.023084;0.39318;0;0;0;0;0;0;0;0;0;0;0;0;0
361;0.33382;0.034861;-0.02317;0.39318;0;0;0;0;0;0;0;0;0;0;0;0;0
361.5;0.33453;0.034957;-0.023286;0.39319;0;0;0;0;0;0;0;0;0;0;0;0;0
362;0.33504;0.035102;-0.023335;0.3932;0;0;0;0;0;0;0;0;0;0;0;0;0
362.5;0.33564;0.035148;-0.023403;0.39319;0;0;0;0;0;0;0;0;0;0;0;0;0
363;0.3363;0.035307;-0.023505;0.39319;0;0;0;0;0;0;0;0;0;0;0;0;0
363.5;0.33691;0.035434;-0.023559;0.3932;0;0;0;0;0;0;0;0;0;0;0;0;0
364;0.33749;0.035609;-0.023585;0.39321;0;0;0;0;0;0;0;0;0;0;0;0;0
364.5;0.33817;0.035741;-0.023685;0.39322;0;0;0;0;0;0;0;0;0;0;0;0;0
365;0.33873;0.035911;-0.02378;0.39322;0;0;0;0;0;0;0;0;0;0;0;0;0
365.5;0.33939;0.035972;-0.023845;0.39322;0;0;0;0;0;0;0;0;0;0;0;0;0
366;0.34005;0.036134;-0.023926;0.39323;0;0;0;0;0;0;0;0;0;0;0;0;0
366.5;0.34063;0.036285;-0.023941;0.39326;0;0;0;0;0;0;0;0;0;0;0;0;0
367;0.34134;0.036409;-0.024014;0.39329;0;0;0;0;0;0;0;0;0;0;0;0;0
367.5;0.34196;0.03649;-0.024107;0.3933;0;0;0;0;0;0;0;0;0;0;0;0;0
368;0.34263;0.036655;-0.024165;0.39332;0;0;0;0;0;0;0;0;0;0;0;0;0
368.5;0.34323;0.036799;-0.024241;0.39334;0;0;0;0;0;0;0;0;0;0;0;0;0
369;0.34382;0.036932;-0.024252;0.39335;0;0;0;0;0;0;0;0;0;0;0;0;0
369.5;0.34452;0.037093;-0.024383;0.39336;0;0;0;0;0;0;0;0;0;0;0;0;0
370;0.34515;0.037284;-0.024429;0.39337;0;0;0;0;0;0;0;0;0;0;0;0;0
370.5;0.34581;0.037367;-0.024469;0.39336;0;0;0;0;0;0;0;0;0;0;0;0;0
371;0.3465;0.037507;-0.024606;0.39336;0;0;0;0;0;0;0;0;0;0;0;0;0
371.5;0.34698;0.037626;-0.024633;0.39336;0;0;0;0;0;0;0;0;0;0;0;0;0
372;0.34764;0.037823;-0.024654;0.39335;0;0;0;0;0;0;0;0;0;0;0;0;0
372.5;0.34829;0.037918;-0.024712;0.39334;0;0;0;0;0;0;0;0;0;0;0;0;0
373;0.3489;0.038023;-0.02477;0.39334;0;0;0;0;0;0;0;0;0;0;0;0;0
373.5;0.34963;0.038233;-0.024888;0.39334;0;0;0;0;0;0;0;0;0;0;0;0;0
374;0.35015;0.03835;-0.024971;0.39333;0;0;0;0;0;0;0;0;0;0;0;0;0
374.5;0.35065;0.03852;-0.025019;0.39334;0;0;0;0;0;0;0;0;0;0;0;0;0
375;0.35148;0.038644;-0.025125;0.39335;0;0;0;0;0;0;0;0;0;0;0;0;0
375.5;0.35217;0.038862;-0.025148;0.39336;0;0;0;0;0;0;0;0;0;0;0;0;0
376;0.35262;0.038999;-0.025194;0.39336;0;0;0;0;0;0;0;0;0;0;0;0;0
376.5;0.3533;0.039168;-0.02534;0.39335;0;0;0;0;0;0;0;0;0;0;0;0;0
377;0.35393;0.039249;-0.025381;0.39335;0;0;0;0;0;0;0;0;0;0;0;0;0
377.5;0.35468;0.039413;-0.025408;0.39334;0;0;0;0;0;0;0;0;0;0;0;0;0
378;0.35524;0.039506;-0.0255;0.39333;0;0;0;0;0;0;0;0;0;0;0;0;0
378.5;0.35572;0.039676;-0.025541;0.39333;0;0;0;0;0;0;0;0;0;0;0;0;0
379;0.35652;0.039843;-0.025564;0.39333;0;0;0;0;0;0;0;0;0;0;0;0;0
379.5;0.35714;0.03994;-0.025641;0.39332;0;0;0;0;0;0;0;0;0;0;0;0;0
380;0.35778;0.040139;-0.025734;0.39331;0;0;0;0;0;0;0;0;0;0;0;0;0
380.5;0.35842;0.040311;-0.025733;0.39331;0;0;0;0;0;0;0;0;0;0;0;0;0
381;0.35906;0.040464;-0.02587;0.39331;0;0;0;0;0;0;0;0;0;0;0;0;0
381.5;0.35974;0.040564;-0.025965;0.39332;0;0;0;0;0;0;0;0;0;0;0;0;0
382;0.36032;0.040756;-0.025983;0.39332;0;0;0;0;0;0;0;0;0;0;0;0;0
382.5;0.361;0.040881;-0.026097;0.39331;0;0;0;0;0;0;0;0;0;0;0;0;0
383;0.36153;0.041058;-0.026153;0.39331;0;0;0;0;0;0;0;0;0;0;0;0;0
383.5;0.36238;0.041203;-0.026236;0.3933;0;0;0;0;0;0;0;0;0;0;0;0;0
384;0.36283;0.041321;-0.026286;0.3933;0;0;0;0;0;0;0;0;0;0;0;0;0
384.5;0.36347;0.041505;-0.02632;0.39329;0;0;0;0;0;0;0;0;0;0;0;0;0
385;0.36362;0.041653;-0.02641;0.39329;0;0;0;0;0;0;0;0;0;0;0;0;0
385.5;0.36472;0.041821;-0.026527;0.39328;0;0;0;0;0;0;0;0;0;0;0;0;0
386;0.36521;0.041969;-0.026606;0.39328;0;0;0;0;0;0;0;0;0;0;0;0;0
386.5;0.36607;0.042099;-0.026677;0.39328;0;0;0;0;0;0;0;0;0;0;0;0;0
387;0.36668;0.042251;-0.026745;0.39327;0;0;0;0;0;0;0;0;0;0;0;0;0
387.5;0.36733;0.042419;-0.026818;0.39327;0;0;0;0;0;0;0;0;0;0;0;0;0
388;0.36807;0.042607;-0.026893;0.39326;0;0;0;0;0;0;0;0;0;0;0;0;0
388.5;0.36862;0.042729;-0.026978;0.39326;0;0;0;0;0;0;0;0;0;0;0;0;0
389;0.36938;0.042926;-0.027064;0.39325;0;0;0;0;0;0;0;0;0;0;0;0;0
389.5;0.36993;0.04304;-0.02714;0.39325;0;0;0;0;0;0;0;0;0;0;0;0;0
390;0.3705;0.04321;-0.027221;0.39323;0;0;0;0;0;0;0;0;0;0;0;0;0
390.5;0.37117;0.043391;-0.027286;0.39322;0;0;0;0;0;0;0;0;0;0;0;0;0
391;0.37179;0.043561;-0.02732;0.39322;0;0;0;0;0;0;0;0;0;0;0;0;0
391.5;0.37245;0.043737;-0.027378;0.39322;0;0;0;0;0;0;0;0;0;0;0;0;0
392;0.37305;0.043917;-0.027498;0.39321;0;0;0;0;0;0;0;0;0;0;0;0;0
392.5;0.37379;0.044101;-0.027537;0.39322;0;0;0;0;0;0;0;0;0;0;0;0;0
393;0.37439;0.044255;-0.02759;0.39321;0;0;0;0;0;0;0;0;0;0;0;0;0
393.5;0.37502;0.04447;-0.027697;0.3932;0;0;0;0;0;0;0;0;0;0;0;0;0
394;0.37561;0.044678;-0.027744;0.3932;0;0;0;0;0;0;0;0;0;0;0;0;0
394.5;0.37619;0.044833;-0.027801;0.39318;0;0;0;0;0;0;0;0;0;0;0;0;0
395;0.37666;0.044998;-0.027937;0.39318;0;0;0;0;0;0;0;0;0;0;0;0;0
395.5;0.37759;0.045181;-0.027981;0.39317;0;0;0;0;0;0;0;0;0;0;0;0;0
396;0.37817;0.045373;-0.028035;0.39317;0;0;0;0;0;0;0;0;0;0;0;0;0
396.5;0.37882;0.045536;-0.028127;0.39316;0;0;0;0;0;0;0;0;0;0;0;0;0
397;0.3795;0.04572;-0.028195;0.39316;0;0;0;0;0;0;0;0;0;0;0;0;0
397.5;0.38013;0.045894;-0.02826;0.39315;0;0;0;0;0;0;0;0;0;0;0;0;0
398;0.38077;0.046083;-0.028308;0.39315;0;0;0;0;0;0;0;0;0;0;0;0;0
398.5;0.38144;0.046236;-0.02844;0.39315;0;0;0;0;0;0;0;0;0;0;0;0;0
399;0.38199;0.046452;-0.028564;0.39314;0;0;0;0;0;0;0;0;0;0;0;0;0
399.5;0.38269;0.046581;-0.028631;0.39314;0;0;0;0;0;0;0;0;0;0;0;0;0
400;0.38358;0.046783;-0.028659;0.39313;0;0;0;0;0;0;0;0;0;0;0;0;0
400.5;0.38398;0.04692;-0.028784;0.39312;0;0;0;0;0;0;0;0;0;0;0;0;0
401;0.38457;0.047155;-0.028893;0.39311;0;0;0;0;0;0;0;0;0;0;0;0;0
401.5;0.38529;0.047351;-0.029023;0.39311;0;0;0;0;0;0;0;0;0;0;0;0;0
402;0.38581;0.047464;-0.029112;0.39309;0;0;0;0;0;0;0;0;0;0;0;0;0
402.5;0.38655;0.047614;-0.029202;0.39309;0;0;0;0;0;0;0;0;0;0;0;0;0
403;0.38715;0.047812;-0.029229;0.39307;0;0;0;0;0;0;0;0;0;0;0;0;0
403.5;0.38782;0.047976;-0.029344;0.39306;0;0;0;0;0;0;0;0;0;0;0;0;0
404;0.38839;0.048184;-0.029528;0.39305;0;0;0;0;0;0;0;0;0;0;0;0;0
404.5;0.38891;0.048342;-0.029528;0.39304;0;0;0;0;0;0;0;0;0;0;0;0;0
405;0.38958;0.048507;-0.029581;0.39304;0;0;0;0;0;0;0;0;0;0;0;0;0
405.5;0.39067;0.048703;-0.029623;0.39303;0;0;0;0;0;0;0;0;0;0;0;0;0
406;0.39081;0.048863;-0.02977;0.39302;0;0;0;0;0;0;0;0;0;0;0;0;0
406.5;0.39153;0.049065;-0.029868;0.39301;0;0;0;0;0;0;0;0;0;0;0;0;0
407;0.39253;0.049306;-0.029936;0.393;0;0;0;0;0;0;0;0;0;0;0;0;0
407.5;0.39329;0.049518;-0.030013;0.393;0;0;0;0;0;0;0;0;0;0;0;0;0
408;0.3934;0.049639;-0.030108;0.39299;0;0;0;0;0;0;0;0;0;0;0;0;0
408.5;0.39413;0.049874;-0.030133;0.39298;0;0;0;0;0;0;0;0;0;0;0;0;0
409;0.39484;0.05011;-0.030264;0.39297;0;0;0;0;0;0;0;0;0;0;0;0;0
409.5;0.39547;0.050225;-0.030342;0.39296;0;0;0;0;0;0;0;0;0;0;0;0;0
410;0.39599;0.050449;-0.030382;0.39295;0;0;0;0;0;0;0;0;0;0;0;0;0
410.5;0.39671;0.05065;-0.030477;0.39295;0;0;0;0;0;0;0;0;0;0;0;0;0
411;0.39745;0.050824;-0.030492;0.39294;0;0;0;0;0;0;0;0;0;0;0;0;0
411.5;0.39797;0.051008;-0.030592;0.39293;0;0;0;0;0;0;0;0;0;0;0;0;0
412;0.39844;0.051298;-0.030707;0.39292;0;0;0;0;0;0;0;0;0;0;0;0;0
412.5;0.39939;0.051504;-0.030785;0.39291;0;0;0;0;0;0;0;0;0;0;0;0;0
413;0.39999;0.051726;-0.030793;0.3929;0;0;0;0;0;0;0;0;0;0;0;0;0
413.5;0.4004;0.051886;-0.030877;0.3929;0;0;0;0;0;0;0;0;0;0;0;0;0
414;0.40073;0.052153;-0.030977;0.39289;0;0;0;0;0;0;0;0;0;0;0;0;0
414.5;0.40177;0.05246;-0.031032;0.39288;0;0;0;0;0;0;0;0;0;0;0;0;0
415;0.40242;0.052625;-0.031073;0.39287;0;0;0;0;0;0;0;0;0;0;0;0;0
415.5;0.40302;0.052851;-0.031189;0.39286;0;0;0;0;0;0;0;0;0;0;0;0;0
416;0.40371;0.053091;-0.031207;0.39285;0;0;0;0;0;0;0;0;0;0;0;0;0
416.5;0.40442;0.053289;-0.031257;0.39285;0;0;0;0;0;0;0;0;0;0;0;0;0
417;0.40514;0.053513;-0.031292;0.39284;0;0;0;0;0;0;0;0;0;0;0;0;0
417.5;0.40567;0.053802;-0.031404;0.39282;0;0;0;0;0;0;0;0;0;0;0;0;0
418;0.40641;0.054062;-0.031453;0.39281;0;0;0;0;0;0;0;0;0;0;0;0;0
418.5;0.40698;0.054295;-0.031543;0.3928;0;0;0;0;0;0;0;0;0;0;0;0;0
419;0.40783;0.054538;-0.031563;0.39279;0;0;0;0;0;0;0;0;0;0;0;0;0
419.5;0.40824;0.054781;-0.03164;0.39278;0;0;0;0;0;0;0;0;0;0;0;0;0
420;0.40897;0.055031;-0.031682;0.39276;0;0;0;0;0;0;0;0;0;0;0;0;0
420.5;0.40959;0.055285;-0.03174;0.39275;0;0;0;0;0;0;0;0;0;0;0;0;0
421;0.41021;0.055503;-0.03181;0.39274;0;0;0;0;0;0;0;0;0;0;0;0;0
421.5;0.41089;0.055734;-0.031807;0.39274;0;0;0;0;0;0;0;0;0;0;0;0;0
422;0.41146;0.055976;-0.03187;0.39273;0;0;0;0;0;0;0;0;0;0;0;0;0
422.5;0.41227;0.05625;-0.031932;0.39271;0;0;0;0;0;0;0;0;0;0;0;0;0
423;0.41293;0.056502;-0.031959;0.3927;0;0;0;0;0;0;0;0;0;0;0;0;0
423.5;0.4134;0.056708;-0.032064;0.39269;0;0;0;0;0;0;0;0;0;0;0;0;0
424;0.41412;0.057;-0.032136;0.39268;0;0;0;0;0;0;0;0;0;0;0;0;0
424.5;0.41535;0.057231;-0.032189;0.39268;0;0;0;0;0;0;0;0;0;0;0;0;0
425;0.41548;0.057413;-0.032323;0.39267;0;0;0;0;0;0;0;0;0;0;0;0;0
425.5;0.41619;0.057628;-0.032336;0.39265;0;0;0;0;0;0;0;0;0;0;0;0;0
426;0.4168;0.057893;-0.0325;0.39264;0;0;0;0;0;0;0;0;0;0;0;0;0
426.5;0.41712;0.058079;-0.032571;0.39263;0;0;0;0;0;0;0;0;0;0;0;0;0
427;0.41809;0.058362;-0.032671;0.39262;0;0;0;0;0;0;0;0;0;0;0;0;0
427.5;0.41876;0.058578;-0.03275;0.3926;0;0;0;0;0;0;0;0;0;0;0;0;0
428;0.41942;0.058813;-0.032825;0.39258;0;0;0;0;0;0;0;0;0;0;0;0;0
428.5;0.41994;0.058978;-0.032892;0.39256;0;0;0;0;0;0;0;0;0;0;0;0;0
429;0.42065;0.059221;-0.032986;0.39254;0;0;0;0;0;0;0;0;0;0;0;0;0
429.5;0.42127;0.059424;-0.033135;0.39252;0;0;0;0;0;0;0;0;0;0;0;0;0
430;0.42182;0.05964;-0.033154;0.39251;0;0;0;0;0;0;0;0;0;0;0;0;0
430.5;0.42264;0.059898;-0.033348;0.3925;0;0;0;0;0;0;0;0;0;0;0;0;0
431;0.42334;0.060155;-0.03338;0.39248;0;0;0;0;0;0;0;0;0;0;0;0;0
431.5;0.42403;0.060405;-0.033501;0.39247;0;0;0;0;0;0;0;0;0;0;0;0;0
432;0.42463;0.060597;-0.033553;0.39246;0;0;0;0;0;0;0;0;0;0;0;0;0
432.5;0.42529;0.060884;-0.033591;0.39245;0;0;0;0;0;0;0;0;0;0;0;0;0
433;0.42625;0.061123;-0.03376;0.39245;0;0;0;0;0;0;0;0;0;0;0;0;0
433.5;0.42657;0.06135;-0.033759;0.39244;0;0;0;0;0;0;0;0;0;0;0;0;0
434;0.42716;0.061612;-0.033849;0.39243;0;0;0;0;0;0;0;0;0;0;0;0;0
434.5;0.42779;0.061847;-0.033936;0.39242;0;0;0;0;0;0;0;0;0;0;0;0;0
435;0.42849;0.062079;-0.033986;0.39241;0;0;0;0;0;0;0;0;0;0;0;0;0
435.5;0.42916;0.062317;-0.034102;0.39239;0;0;0;0;0;0;0;0;0;0;0;0;0
436;0.42984;0.062522;-0.034183;0.39237;0;0;0;0;0;0;0;0;0;0;0;0;0
436.5;0.43045;0.062823;-0.034241;0.39235;0;0;0;0;0;0;0;0;0;0;0;0;0
437;0.43106;0.063084;-0.034362;0.39232;0;0;0;0;0;0;0;0;0;0;0;0;0
437.5;0.43179;0.063329;-0.034427;0.39229;0;0;0;0;0;0;0;0;0;0;0;0;0
438;0.43238;0.06362;-0.034466;0.39226;0;0;0;0;0;0;0;0;0;0;0;0;0
438.5;0.4336;0.063885;-0.034572;0.39224;0;0;0;0;0;0;0;0;0;0;0;0;0
439;0.43344;0.064119;-0.034703;0.39222;0;0;0;0;0;0;0;0;0;0;0;0;0
439.5;0.43438;0.064369;-0.034767;0.39219;0;0;0;0;0;0;0;0;0;0;0;0;0
440;0.43536;0.064639;-0.034897;0.39216;0;0;0;0;0;0;0;0;0;0;0;0;0
440.5;0.43537;0.064812;-0.034955;0.39215;0;0;0;0;0;0;0;0;0;0;0;0;0
441;0.4364;0.065088;-0.03505;0.39213;0;0;0;0;0;0;0;0;0;0;0;0;0
441.5;0.43701;0.065344;-0.035108;0.3921;0;0;0;0;0;0;0;0;0;0;0;0;0
442;0.4373;0.065573;-0.035214;0.39207;0;0;0;0;0;0;0;0;0;0;0;0;0
442.5;0.43828;0.065873;-0.035319;0.39205;0;0;0;0;0;0;0;0;0;0;0;0;0
443;0.43892;0.066137;-0.035429;0.39202;0;0;0;0;0;0;0;0;0;0;0;0;0
443.5;0.43968;0.066357;-0.035545;0.39199;0;0;0;0;0;0;0;0;0;0;0;0;0
444;0.44031;0.066681;-0.035716;0.39196;0;0;0;0;0;0;0;0;0;0;0;0;0
444.5;0.44053;0.066851;-0.035697;0.39194;0;0;0;0;0;0;0;0;0;0;0;0;0
445;0.44125;0.067099;-0.0359;0.39192;0;0;0;0;0;0;0;0;0;0;0;0;0
445.5;0.44225;0.067431;-0.035975;0.39189;0;0;0;0;0;0;0;0;0;0;0;0;0
446;0.44296;0.067693;-0.036026;0.39187;0;0;0;0;0;0;0;0;0;0;0;0;0
446.5;0.44327;0.06793;-0.036133;0.39184;0;0;0;0;0;0;0;0;0;0;0;0;0
447;0.44418;0.068199;-0.036234;0.39182;0;0;0;0;0;0;0;0;0;0;0;0;0
447.5;0.44464;0.068474;-0.036262;0.3918;0;0;0;0;0;0;0;0;0;0;0;0;0
448;0.44603;0.068781;-0.036376;0.39177;0;0;0;0;0;0;0;0;0;0;0;0;0
448.5;0.4467;0.06909;-0.036491;0.39173;0;0;0;0;0;0;0;0;0;0;0;0;0
449;0.44672;0.06935;-0.036597;0.3917;0;0;0;0;0;0;0;0;0;0;0;0;0
449.5;0.44749;0.069678;-0.03663;0.39166;0;0;0;0;0;0;0;0;0;0;0;0;0
450;0.4481;0.069949;-0.036691;0.39162;0;0;0;0;0;0;0;0;0;0;0;0;0
450.5;0.4488;0.070225;-0.036715;0.39159;0;0;0;0;0;0;0;0;0;0;0;0;0
451;0.4496;0.070586;-0.036836;0.39155;0;0;0;0;0;0;0;0;0;0;0;0;0
451.5;0.4502;0.070869;-0.036917;0.39151;0;0;0;0;0;0;0;0;0;0;0;0;0
452;0.45076;0.071225;-0.036896;0.39147;0;0;0;0;0;0;0;0;0;0;0;0;0
452.5;0.45154;0.071513;-0.037015;0.39143;0;0;0;0;0;0;0;0;0;0;0;0;0
453;0.45215;0.07183;-0.037148;0.39138;0;0;0;0;0;0;0;0;0;0;0;0;0
453.5;0.45284;0.072107;-0.037262;0.39134;0;0;0;0;0;0;0;0;0;0;0;0;0
454;0.45344;0.072408;-0.037324;0.39128;0;0;0;0;0;0;0;0;0;0;0;0;0
454.5;0.45419;0.072738;-0.037392;0.39123;0;0;0;0;0;0;0;0;0;0;0;0;0
455;0.45489;0.073023;-0.037496;0.39116;0;0;0;0;0;0;0;0;0;0;0;0;0
455.5;0.4557;0.073288;-0.037545;0.39108;0;0;0;0;0;0;0;0;0;0;0;0;0
456;0.45715;0.073624;-0.03767;0.39102;0;0;0;0;0;0;0;0;0;0;0;0;0
456.5;0.45717;0.073942;-0.037753;0.39094;0;0;0;0;0;0;0;0;0;0;0;0;0
457;0.45756;0.074206;-0.037805;0.39086;0;0;0;0;0;0;0;0;0;0;0;0;0
457.5;0.45825;0.074488;-0.037976;0.39078;0;0;0;0;0;0;0;0;0;0;0;0;0
458;0.45885;0.07477;-0.037984;0.39071;0;0;0;0;0;0;0;0;0;0;0;0;0
458.5;0.4598;0.075054;-0.038073;0.39063;0;0;0;0;0;0;0;0;0;0;0;0;0
459;0.46031;0.075335;-0.038148;0.39055;0;0;0;0;0;0;0;0;0;0;0;0;0
459.5;0.46099;0.0756;-0.038175;0.39047;0;0;0;0;0;0;0;0;0;0;0;0;0
460;0.46154;0.075942;-0.038232;0.3904;0;0;0;0;0;0;0;0;0;0;0;0;0
460.5;0.46222;0.076203;-0.038318;0.39031;0;0;0;0;0;0;0;0;0;0;0;0;0
461;0.46314;0.07654;-0.03843;0.39023;0;0;0;0;0;0;0;0;0;0;0;0;0
461.5;0.46375;0.076811;-0.038468;0.39016;0;0;0;0;0;0;0;0;0;0;0;0;0
462;0.46436;0.077172;-0.038549;0.39007;0;0;0;0;0;0;0;0;0;0;0;0;0
462.5;0.46524;0.077461;-0.038584;0.38997;0;0;0;0;0;0;0;0;0;0;0;0;0
463;0.46584;0.077781;-0.038671;0.38987;0;0;0;0;0;0;0;0;0;0;0;0;0
463.5;0.46643;0.07807;-0.038704;0.38978;0;0;0;0;0;0;0;0;0;0;0;0;0
464;0.46722;0.078446;-0.038792;0.38968;0;0;0;0;0;0;0;0;0;0;0;0;0
464.5;0.46773;0.078791;-0.038828;0.38958;0;0;0;0;0;0;0;0;0;0;0;0;0
465;0.46853;0.07905;-0.038908;0.38946;0;0;0;0;0;0;0;0;0;0;0;0;0
465.5;0.46917;0.079401;-0.038876;0.38935;0;0;0;0;0;0;0;0;0;0;0;0;0
466;0.4701;0.079759;-0.039003;0.38925;0;0;0;0;0;0;0;0;0;0;0;0;0
466.5;0.47078;0.080135;-0.039027;0.38913;0;0;0;0;0;0;0;0;0;0;0;0;0
467;0.47134;0.080425;-0.03904;0.38901;0;0;0;0;0;0;0;0;0;0;0;0;0
467.5;0.47224;0.080757;-0.03908;0.3889;0;0;0;0;0;0;0;0;0;0;0;0;0
468;0.4727;0.081142;-0.039082;0.38877;0;0;0;0;0;0;0;0;0;0;0;0;0
468.5;0.47338;0.0814;-0.039126;0.38865;0;0;0;0;0;0;0;0;0;0;0;0;0
469;0.4741;0.081748;-0.039225;0.38851;0;0;0;0;0;0;0;0;0;0;0;0;0
469.5;0.47477;0.082103;-0.03929;0.38837;0;0;0;0;0;0;0;0;0;0;0;0;0
470;0.47552;0.082423;-0.039315;0.38824;0;0;0;0;0;0;0;0;0;0;0;0;0
470.5;0.47624;0.082738;-0.039357;0.3881;0;0;0;0;0;0;0;0;0;0;0;0;0
471;0.47682;0.08314;-0.039499;0.38797;0;0;0;0;0;0;0;0;0;0;0;0;0
471.5;0.47754;0.08348;-0.039568;0.38781;0;0;0;0;0;0;0;0;0;0;0;0;0
472;0.47816;0.083895;-0.039593;0.38767;0;0;0;0;0;0;0;0;0;0;0;0;0
472.5;0.47889;0.084243;-0.039662;0.38751;0;0;0;0;0;0;0;0;0;0;0;0;0
473;0.47963;0.084686;-0.039811;0.38737;0;0;0;0;0;0;0;0;0;0;0;0;0
473.5;0.48017;0.085065;-0.039858;0.38719;0;0;0;0;0;0;0;0;0;0;0;0;0
474;0.48074;0.085497;-0.039866;0.38701;0;0;0;0;0;0;0;0;0;0;0;0;0
474.5;0.48159;0.085871;-0.039977;0.38686;0;0;0;0;0;0;0;0;0;0;0;0;0
475;0.48236;0.086322;-0.040082;0.38668;0;0;0;0;0;0;0;0;0;0;0;0;0
475.5;0.48265;0.086632;-0.0401;0.38649;0;0;0;0;0;0;0;0;0;0;0;0;0
476;0.48359;0.087046;-0.040136;0.38632;0;0;0;0;0;0;0;0;0;0;0;0;0
476.5;0.48433;0.087451;-0.040245;0.38612;0;0;0;0;0;0;0;0;0;0;0;0;0
477;0.48505;0.08785;-0.040311;0.38594;0;0;0;0;0;0;0;0;0;0;0;0;0
477.5;0.48576;0.088306;-0.040354;0.38574;0;0;0;0;0;0;0;0;0;0;0;0;0
478;0.48638;0.088644;-0.04032;0.38556;0;0;0;0;0;0;0;0;0;0;0;0;0
478.5;0.48701;0.089081;-0.040435;0.38537;0;0;0;0;0;0;0;0;0;0;0;0;0
479;0.48782;0.089432;-0.040593;0.38517;0;0;0;0;0;0;0;0;0;0;0;0;0
479.5;0.48833;0.089849;-0.040582;0.38497;0;0;0;0;0;0;0;0;0;0;0;0;0
480;0.48909;0.090245;-0.04063;0.38479;0;0;0;0;0;0;0;0;0;0;0;0;0
480.5;0.48977;0.090633;-0.040633;0.38459;0;0;0;0;0;0;0;0;0;0;0;0;0
481;0.49052;0.090972;-0.040643;0.38439;0;0;0;0;0;0;0;0;0;0;0;0;0
481.5;0.49105;0.091324;-0.040702;0.3842;0;0;0;0;0;0;0;0;0;0;0;0;0
482;0.49173;0.09167;-0.040795;0.38397;0;0;0;0;0;0;0;0;0;0;0;0;0
482.5;0.49248;0.091973;-0.040821;0.38378;0;0;0;0;0;0;0;0;0;0;0;0;0
483;0.4931;0.092305;-0.040823;0.38355;0;0;0;0;0;0;0;0;0;0;0;0;0
483.5;0.49403;0.092683;-0.040893;0.38332;0;0;0;0;0;0;0;0;0;0;0;0;0
484;0.49443;0.093026;-0.040922;0.3831;0;0;0;0;0;0;0;0;0;0;0;0;0
484.5;0.49508;0.093368;-0.040952;0.38287;0;0;0;0;0;0;0;0;0;0;0;0;0
485;0.49576;0.093716;-0.040934;0.38261;0;0;0;0;0;0;0;0;0;0;0;0;0
485.5;0.49651;0.094068;-0.041034;0.38241;0;0;0;0;0;0;0;0;0;0;0;0;0
486;0.49715;0.094395;-0.041109;0.38217;0;0;0;0;0;0;0;0;0;0;0;0;0
486.5;0.49787;0.09476;-0.041139;0.38192;0;0;0;0;0;0;0;0;0;0;0;0;0
487;0.49858;0.095159;-0.041119;0.38166;0;0;0;0;0;0;0;0;0;0;0;0;0
487.5;0.49908;0.095555;-0.041229;0.38144;0;0;0;0;0;0;0;0;0;0;0;0;0
488;0.49973;0.095998;-0.041244;0.3812;0;0;0;0;0;0;0;0;0;0;0;0;0
488.5;0.50039;0.096267;-0.041296;0.38095;0;0;0;0;0;0;0;0;0;0;0;0;0
489;0.50103;0.096699;-0.041413;0.38071;0;0;0;0;0;0;0;0;0;0;0;0;0
489.5;0.5018;0.097079;-0.041423;0.38046;0;0;0;0;0;0;0;0;0;0;0;0;0
490;0.50251;0.097509;-0.041409;0.38021;0;0;0;0;0;0;0;0;0;0;0;0;0
490.5;0.50324;0.097901;-0.041481;0.37996;0;0;0;0;0;0;0;0;0;0;0;0;0
491;0.50358;0.098282;-0.041487;0.3797;0;0;0;0;0;0;0;0;0;0;0;0;0
491.5;0.50457;0.098686;-0.041552;0.37943;0;0;0;0;0;0;0;0;0;0;0;0;0
492;0.50515;0.099102;-0.041634;0.37918;0;0;0;0;0;0;0;0;0;0;0;0;0
492.5;0.50563;0.099492;-0.04159;0.37892;0;0;0;0;0;0;0;0;0;0;0;0;0
493;0.50666;0.09992;-0.0417;0.37864;0;0;0;0;0;0;0;0;0;0;0;0;0
493.5;0.50672;0.10025;-0.041709;0.37838;0;0;0;0;0;0;0;0;0;0;0;0;0
494;0.50784;0.10069;-0.041722;0.37808;0;0;0;0;0;0;0;0;0;0;0;0;0
494.5;0.50803;0.10104;-0.041827;0.37781;0;0;0;0;0;0;0;0;0;0;0;0;0
495;0.50901;0.1014;-0.041794;0.37753;0;0;0;0;0;0;0;0;0;0;0;0;0
495.5;0.50993;0.10181;-0.041823;0.37723;0;0;0;0;0;0;0;0;0;0;0;0;0
496;0.50989;0.10214;-0.041887;0.37695;0;0;0;0;0;0;0;0;0;0;0;0;0
496.5;0.51111;0.10255;-0.041955;0.37666;0;0;0;0;0;0;0;0;0;0;0;0;0
497;0.51213;0.10288;-0.041919;0.37637;0;0;0;0;0;0;0;0;0;0;0;0;0
497.5;0.51237;0.10326;-0.041937;0.37607;0;0;0;0;0;0;0;0;0;0;0;0;0
498;0.51307;0.10364;-0.041928;0.37578;0;0;0;0;0;0;0;0;0;0;0;0;0
498.5;0.51377;0.10405;-0.042045;0.37547;0;0;0;0;0;0;0;0;0;0;0;0;0
499;0.51467;0.10445;-0.041983;0.37516;0;0;0;0;0;0;0;0;0;0;0;0;0
499.5;0.51525;0.10483;-0.042031;0.37485;0;0;0;0;0;0;0;0;0;0;0;0;0
500;0.51598;0.10513;-0.042035;0.37453;0;0;0;0;0;0;0;0;0;0;0;0;0
500.5;0.51645;0.10561;-0.042048;0.37425;0;0;0;0;0;0;0;0;0;0;0;0;0
501;0.51715;0.10602;-0.042081;0.37392;0;0;0;0;0;0;0;0;0;0;0;0;0
501.5;0.51779;0.10645;-0.042148;0.37361;0;0;0;0;0;0;0;0;0;0;0;0;0
502;0.51864;0.10686;-0.042086;0.37327;0;0;0;0;0;0;0;0;0;0;0;0;0
502.5;0.51931;0.10731;-0.042146;0.37293;0;0;0;0;0;0;0;0;0;0;0;0;0
503;0.51991;0.10777;-0.042136;0.37261;0;0;0;0;0;0;0;0;0;0;0;0;0
503.5;0.52056;0.10817;-0.042162;0.37225;0;0;0;0;0;0;0;0;0;0;0;0;0
504;0.52121;0.10859;-0.042159;0.3719;0;0;0;0;0;0;0;0;0;0;0;0;0
504.5;0.52192;0.109;-0.042139;0.37157;0;0;0;0;0;0;0;0;0;0;0;0;0
505;0.52263;0.10937;-0.042176;0.37124;0;0;0;0;0;0;0;0;0;0;0;0;0
505.5;0.52324;0.10979;-0.042178;0.37087;0;0;0;0;0;0;0;0;0;0;0;0;0
506;0.52389;0.1102;-0.042162;0.37053;0;0;0;0;0;0;0;0;0;0;0;0;0
506.5;0.52462;0.11061;-0.042113;0.37017;0;0;0;0;0;0;0;0;0;0;0;0;0
507;0.52525;0.11091;-0.0422;0.36982;0;0;0;0;0;0;0;0;0;0;0;0;0
507.5;0.52593;0.11122;-0.042178;0.36945;0;0;0;0;0;0;0;0;0;0;0;0;0
508;0.52674;0.11159;-0.042093;0.3691;0;0;0;0;0;0;0;0;0;0;0;0;0
508.5;0.52723;0.11199;-0.042112;0.36875;0;0;0;0;0;0;0;0;0;0;0;0;0
509;0.52881;0.11233;-0.042075;0.36835;0;0;0;0;0;0;0;0;0;0;0;0;0
509.5;0.52862;0.11262;-0.042041;0.36797;0;0;0;0;0;0;0;0;0;0;0;0;0
510;0.52941;0.11304;-0.042119;0.36757;0;0;0;0;0;0;0;0;0;0;0;0;0
510.5;0.53006;0.11338;-0.042075;0.36723;0;0;0;0;0;0;0;0;0;0;0;0;0
511;0.53055;0.1138;-0.042074;0.36682;0;0;0;0;0;0;0;0;0;0;0;0;0
511.5;0.53145;0.11426;-0.042029;0.36641;0;0;0;0;0;0;0;0;0;0;0;0;0
512;0.53212;0.11464;-0.042067;0.36602;0;0;0;0;0;0;0;0;0;0;0;0;0
512.5;0.53278;0.11514;-0.042004;0.3656;0;0;0;0;0;0;0;0;0;0;0;0;0
513;0.53343;0.11557;-0.042074;0.36518;0;0;0;0;0;0;0;0;0;0;0;0;0
513.5;0.53416;0.11602;-0.042089;0.36478;0;0;0;0;0;0;0;0;0;0;0;0;0
514;0.53567;0.1166;-0.04206;0.36437;0;0;0;0;0;0;0;0;0;0;0;0;0
514.5;0.53558;0.11688;-0.042027;0.36394;0;0;0;0;0;0;0;0;0;0;0;0;0
515;0.53629;0.11724;-0.042001;0.36353;0;0;0;0;0;0;0;0;0;0;0;0;0
515.5;0.53718;0.11764;-0.041974;0.36312;0;0;0;0;0;0;0;0;0;0;0;0;0
516;0.5376;0.11815;-0.041932;0.36266;0;0;0;0;0;0;0;0;0;0;0;0;0
516.5;0.53843;0.11862;-0.041959;0.36223;0;0;0;0;0;0;0;0;0;0;0;0;0
517;0.53903;0.11901;-0.041979;0.36175;0;0;0;0;0;0;0;0;0;0;0;0;0
517.5;0.54017;0.11953;-0.041947;0.36127;0;0;0;0;0;0;0;0;0;0;0;0;0
518;0.54049;0.11996;-0.041935;0.36081;0;0;0;0;0;0;0;0;0;0;0;0;0
518.5;0.54136;0.12044;-0.041945;0.36029;0;0;0;0;0;0;0;0;0;0;0;0;0
519;0.54207;0.12089;-0.041959;0.35977;0;0;0;0;0;0;0;0;0;0;0;0;0
519.5;0.54269;0.12128;-0.041965;0.35928;0;0;0;0;0;0;0;0;0;0;0;0;0
520;0.54341;0.12171;-0.041935;0.35879;0;0;0;0;0;0;0;0;0;0;0;0;0
520.5;0.54417;0.12214;-0.041836;0.3583;0;0;0;0;0;0;0;0;0;0;0;0;0
521;0.54485;0.12257;-0.041861;0.35774;0;0;0;0;0;0;0;0;0;0;0;0;0
521.5;0.54559;0.12301;-0.041842;0.3572;0;0;0;0;0;0;0;0;0;0;0;0;0
522;0.54629;0.12347;-0.041803;0.35669;0;0;0;0;0;0;0;0;0;0;0;0;0
522.5;0.54696;0.12387;-0.041783;0.35618;0;0;0;0;0;0;0;0;0;0;0;0;0
523;0.54751;0.12428;-0.041773;0.35561;0;0;0;0;0;0;0;0;0;0;0;0;0
523.5;0.54837;0.12469;-0.041716;0.35509;0;0;0;0;0;0;0;0;0;0;0;0;0
524;0.54914;0.12519;-0.041738;0.35451;0;0;0;0;0;0;0;0;0;0;0;0;0
524.5;0.54998;0.12562;-0.041655;0.35392;0;0;0;0;0;0;0;0;0;0;0;0;0
525;0.55064;0.12602;-0.041624;0.35336;0;0;0;0;0;0;0;0;0;0;0;0;0
525.5;0.55179;0.12647;-0.041617;0.35275;0;0;0;0;0;0;0;0;0;0;0;0;0
526;0.552;0.12681;-0.041666;0.35213;0;0;0;0;0;0;0;0;0;0;0;0;0
526.5;0.5526;0.12718;-0.041683;0.35159;0;0;0;0;0;0;0;0;0;0;0;0;0
527;0.55343;0.12759;-0.041604;0.35095;0;0;0;0;0;0;0;0;0;0;0;0;0
527.5;0.55403;0.128;-0.041639;0.3503;0;0;0;0;0;0;0;0;0;0;0;0;0
528;0.555;0.12837;-0.041573;0.34973;0;0;0;0;0;0;0;0;0;0;0;0;0
528.5;0.55566;0.12881;-0.041538;0.34898;0;0;0;0;0;0;0;0;0;0;0;0;0
529;0.55634;0.12914;-0.041529;0.34827;0;0;0;0;0;0;0;0;0;0;0;0;0
529.5;0.55711;0.12952;-0.041622;0.34767;0;0;0;0;0;0;0;0;0;0;0;0;0
530;0.55783;0.12993;-0.041582;0.34694;0;0;0;0;0;0;0;0;0;0;0;0;0
530.5;0.55862;0.13035;-0.041551;0.34621;0;0;0;0;0;0;0;0;0;0;0;0;0
531;0.55929;0.1308;-0.041593;0.34552;0;0;0;0;0;0;0;0;0;0;0;0;0
531.5;0.56009;0.13114;-0.041466;0.34481;0;0;0;0;0;0;0;0;0;0;0;0;0
532;0.56094;0.13156;-0.041503;0.34403;0;0;0;0;0;0;0;0;0;0;0;0;0
532.5;0.56155;0.13182;-0.041516;0.34328;0;0;0;0;0;0;0;0;0;0;0;0;0
533;0.56233;0.13226;-0.041521;0.34245;0;0;0;0;0;0;0;0;0;0;0;0;0
533.5;0.56324;0.13267;-0.041574;0.34157;0;0;0;0;0;0;0;0;0;0;0;0;0
534;0.56388;0.1332;-0.041444;0.3408;0;0;0;0;0;0;0;0;0;0;0;0;0
534.5;0.56444;0.13371;-0.041514;0.33977;0;0;0;0;0;0;0;0;0;0;0;0;0
535;0.56555;0.13404;-0.041599;0.33884;0;0;0;0;0;0;0;0;0;0;0;0;0
535.5;0.567;0.1351;-0.041552;0.33776;0;0;0;0;0;0;0;0;0;0;0;0;0
