Date of Test;Material;Sample Geometry;Orientation [°];Test Number;Nominal Speed [mm/min];Thickness [mm];Central Width [mm];Gauge Width / Diameter [mm];Pixel to mm ratio [mm/px];Extensometer 1-4 [mm];Extensometer 2-3 [mm];Extensometer 5-6 [mm];;;;;
09/08/21;DP600Large;CH;00;2;0.0798;0.29503;4;1;0;6;0.20001;0.20001;;;;;
;;;;;;;;;;;;;;;;;
Time [s];U1 [mm];U2 [mm];U3 [mm];Force [kN];Ambient Temperature [°C];DIC Zone X 1 [px];DIC Zone Y 1 [px];DIC Zone X 2 [px];DIC Zone Y 2 [px];DIC Zone X 3 [px];DIC Zone Y 3 [px];DIC Zone X 4 [px];DIC Zone Y 4 [px];DIC Zone X 5 [px];DIC Zone Y 5 [px];DIC Zone X 6 [px];DIC Zone Y 6 [px]
0;0;0;0;0.0001568;0;0;0;0;0;0;0;0;0;0;0;0;0
0.5;6.9718e-05;5.8211e-05;5.6691e-06;0.0001666;0;0;0;0;0;0;0;0;0;0;0;0;0
1;0.00015164;0.00010054;8.2148e-05;0.0001764;0;0;0;0;0;0;0;0;0;0;0;0;0
1.5;-2.1327e-05;-4.4507e-05;-1.4261e-05;0.0001764;0;0;0;0;0;0;0;0;0;0;0;0;0
2;8.8186e-05;-1.6815e-05;0.00013579;0.0001764;0;0;0;0;0;0;0;0;0;0;0;0;0
2.5;4.4268e-05;5.2827e-05;1.5245e-05;0.0001764;0;0;0;0;0;0;0;0;0;0;0;0;0
2.999;-0.00010712;5.4365e-05;7.8045e-06;0.0001764;0;0;0;0;0;0;0;0;0;0;0;0;0
3.5;2.2834e-05;0.00010628;-2.6571e-05;0.0001764;0;0;0;0;0;0;0;0;0;0;0;0;0
4;-6.1516e-05;-2.6003e-05;0.00016188;0.0001862;0;0;0;0;0;0;0;0;0;0;0;0;0
4.499;-5.5044e-05;2.1333e-05;2.5428e-05;0.0001862;0;0;0;0;0;0;0;0;0;0;0;0;0
5;-4.0517e-05;-0.00011528;-5.83e-05;0.0002156;0;0;0;0;0;0;0;0;0;0;0;0;0
5.5;-0.00016168;-0.0001025;5.3478e-05;0.0003822;0;0;0;0;0;0;0;0;0;0;0;0;0
5.999;-0.00012033;-0.00015052;-0.00012246;0.0006958;0;0;0;0;0;0;0;0;0;0;0;0;0
6.5;-0.00012376;-0.00016222;-6.2482e-05;0.0012054;0;0;0;0;0;0;0;0;0;0;0;0;0
7;-0.00011822;-3.7858e-05;-0.00019446;0.0017542;0;0;0;0;0;0;0;0;0;0;0;0;0
7.499;-0.00014917;-0.00016606;-0.00013893;0.002597;0;0;0;0;0;0;0;0;0;0;0;0;0
8;-6.0958e-05;4.4188e-05;-8.2286e-05;0.0034202;0;0;0;0;0;0;0;0;0;0;0;0;0
8.5;-8.4664e-06;-0.0001115;-0.00019224;0.0043512;0;0;0;0;0;0;0;0;0;0;0;0;0
9;6.6881e-05;-4.8862e-05;-0.00020587;0.0053704;0;0;0;0;0;0;0;0;0;0;0;0;0
9.5;-5.0793e-05;-5.6728e-05;-0.00022357;0.006468;0;0;0;0;0;0;0;0;0;0;0;0;0
10;-0.00017975;-8.5976e-05;-0.00021331;0.0074382;0;0;0;0;0;0;0;0;0;0;0;0;0
10.501;4.1721e-05;-0.00012413;-0.0002241;0.0084378;0;0;0;0;0;0;0;0;0;0;0;0;0
11;-5.4614e-05;-1.5401e-05;-0.00020233;0.0093884;0;0;0;0;0;0;0;0;0;0;0;0;0
11.499;-8.6588e-06;-0.00022824;-0.00031382;0.010329;0;0;0;0;0;0;0;0;0;0;0;0;0
11.999;0.0001275;-0.00021891;-0.00015471;0.011182;0;0;0;0;0;0;0;0;0;0;0;0;0
12.5;-1.5546e-05;-5.6406e-05;-5.9952e-05;0.012044;0;0;0;0;0;0;0;0;0;0;0;0;0
13;8.3765e-05;-0.00017224;1.1654e-05;0.013054;0;0;0;0;0;0;0;0;0;0;0;0;0
13.499;5.2338e-05;-0.00010775;-0.00019023;0.013857;0;0;0;0;0;0;0;0;0;0;0;0;0
14;4.572e-05;-0.00014376;-0.00016731;0.014837;0;0;0;0;0;0;0;0;0;0;0;0;0
14.5;-1.7702e-05;-0.00017648;-0.00012264;0.015837;0;0;0;0;0;0;0;0;0;0;0;0;0
15;1.185e-05;-8.8285e-05;-9.3727e-05;0.016807;0;0;0;0;0;0;0;0;0;0;0;0;0
15.5;0.0001175;-0.00010065;-0.00019449;0.017816;0;0;0;0;0;0;0;0;0;0;0;0;0
16;3.1356e-05;-0.00011825;-0.00016917;0.018973;0;0;0;0;0;0;0;0;0;0;0;0;0
16.499;0.00022181;-0.00022043;-0.00013002;0.020178;0;0;0;0;0;0;0;0;0;0;0;0;0
17;0.00018518;-0.00011547;-0.00015427;0.021335;0;0;0;0;0;0;0;0;0;0;0;0;0
17.5;0.00020642;-0.00021276;-0.00020512;0.022638;0;0;0;0;0;0;0;0;0;0;0;0;0
18;0.00056945;-8.5396e-05;-5.282e-05;0.023873;0;0;0;0;0;0;0;0;0;0;0;0;0
18.5;0.00029754;-0.0001666;-0.0001072;0.025147;0;0;0;0;0;0;0;0;0;0;0;0;0
18.999;0.00030187;-0.00016798;-0.00018279;0.026568;0;0;0;0;0;0;0;0;0;0;0;0;0
19.5;0.00038767;-0.00014063;-0.00025801;0.028018;0;0;0;0;0;0;0;0;0;0;0;0;0
19.999;0.00032559;-0.00017604;-0.00017341;0.02938;0;0;0;0;0;0;0;0;0;0;0;0;0
20.5;0.00029439;-0.0001551;-0.00020118;0.030772;0;0;0;0;0;0;0;0;0;0;0;0;0
21;0.00029025;-0.00015802;-0.00032068;0.032301;0;0;0;0;0;0;0;0;0;0;0;0;0
21.5;0.00037113;-0.00019195;-0.00025005;0.033849;0;0;0;0;0;0;0;0;0;0;0;0;0
22;0.00033722;-0.00012329;-0.00019667;0.0353;0;0;0;0;0;0;0;0;0;0;0;0;0
22.502;0.00036164;-0.00035123;-0.00023661;0.03675;0;0;0;0;0;0;0;0;0;0;0;0;0
23;0.00034616;-9.2435e-05;-0.00034654;0.038465;0;0;0;0;0;0;0;0;0;0;0;0;0
23.5;0.00034405;-0.0001916;-0.00016953;0.039817;0;0;0;0;0;0;0;0;0;0;0;0;0
24;0.00032017;-5.2003e-06;-0.00019958;0.041405;0;0;0;0;0;0;0;0;0;0;0;0;0
24.5;0.00030009;-0.0001061;-0.00024044;0.042855;0;0;0;0;0;0;0;0;0;0;0;0;0
24.999;0.00046955;-0.00012752;-0.00036213;0.044404;0;0;0;0;0;0;0;0;0;0;0;0;0
25.499;0.00043733;-0.00015942;-0.00034703;0.045835;0;0;0;0;0;0;0;0;0;0;0;0;0
26;0.00040653;-0.00015511;-0.00033544;0.047373;0;0;0;0;0;0;0;0;0;0;0;0;0
26.5;0.00044999;-0.00016135;-0.00052358;0.048814;0;0;0;0;0;0;0;0;0;0;0;0;0
27;0.00055358;-0.00011451;-0.00041292;0.050411;0;0;0;0;0;0;0;0;0;0;0;0;0
27.5;0.00040713;-0.00019634;-0.00041882;0.05195;0;0;0;0;0;0;0;0;0;0;0;0;0
28;0.00051197;-0.00018938;-0.00042636;0.053694;0;0;0;0;0;0;0;0;0;0;0;0;0
28.499;0.00054003;-0.0001138;-0.00049463;0.055566;0;0;0;0;0;0;0;0;0;0;0;0;0
29;0.00059379;-0.00033216;-0.00025211;0.057399;0;0;0;0;0;0;0;0;0;0;0;0;0
29.5;0.00065911;-0.00020365;-0.00031316;0.059329;0;0;0;0;0;0;0;0;0;0;0;0;0
30;0.00075137;-0.00028851;-0.00025029;0.061534;0;0;0;0;0;0;0;0;0;0;0;0;0
30.5;0.00075071;-0.00031287;-0.00027763;0.063837;0;0;0;0;0;0;0;0;0;0;0;0;0
31;0.00068364;-0.00022796;-0.00029238;0.066023;0;0;0;0;0;0;0;0;0;0;0;0;0
31.5;0.00083879;-0.00023573;-0.00039612;0.068257;0;0;0;0;0;0;0;0;0;0;0;0;0
31.999;0.00097179;-0.00022574;-0.00035266;0.070521;0;0;0;0;0;0;0;0;0;0;0;0;0
32.5;0.00087883;-0.00024802;-0.00037987;0.07301;0;0;0;0;0;0;0;0;0;0;0;0;0
33;0.0010153;-9.9407e-05;-0.00019837;0.075519;0;0;0;0;0;0;0;0;0;0;0;0;0
33.501;0.00084804;-0.00024083;-0.00030072;0.077871;0;0;0;0;0;0;0;0;0;0;0;0;0
34.002;0.00089896;-0.00011418;-0.00027331;0.080468;0;0;0;0;0;0;0;0;0;0;0;0;0
34.5;0.0012119;-0.00020232;-0.00024559;0.083084;0;0;0;0;0;0;0;0;0;0;0;0;0
35;0.0013103;-0.00019291;-0.00026084;0.085544;0;0;0;0;0;0;0;0;0;0;0;0;0
35.5;0.0011864;-0.00025132;-0.00030965;0.088033;0;0;0;0;0;0;0;0;0;0;0;0;0
35.999;0.0014326;-0.00021854;-0.00024021;0.090581;0;0;0;0;0;0;0;0;0;0;0;0;0
36.5;0.0014839;-0.00015499;-0.00029662;0.093345;0;0;0;0;0;0;0;0;0;0;0;0;0
37;0.0015871;-0.00011503;-0.00026353;0.096158;0;0;0;0;0;0;0;0;0;0;0;0;0
37.5;0.0015207;-8.7093e-05;-0.00027145;0.098764;0;0;0;0;0;0;0;0;0;0;0;0;0
37.999;0.0016245;-0.00010085;-0.00029331;0.1016;0;0;0;0;0;0;0;0;0;0;0;0;0
38.5;0.0016987;-0.00013803;-0.00033796;0.10448;0;0;0;0;0;0;0;0;0;0;0;0;0
39.001;0.0016789;-0.00017591;-0.0002557;0.10691;0;0;0;0;0;0;0;0;0;0;0;0;0
39.5;0.0017535;-9.334e-05;-0.00027838;0.11003;0;0;0;0;0;0;0;0;0;0;0;0;0
40;0.0017251;-0.00011408;-0.00034234;0.11249;0;0;0;0;0;0;0;0;0;0;0;0;0
40.5;0.0018703;-7.608e-05;-0.00027528;0.11565;0;0;0;0;0;0;0;0;0;0;0;0;0
41;0.0018196;-0.00013365;-0.00037869;0.11836;0;0;0;0;0;0;0;0;0;0;0;0;0
41.5;0.0018249;-0.00023441;-0.00031667;0.12111;0;0;0;0;0;0;0;0;0;0;0;0;0
42;0.0019559;-9.3207e-05;-0.00032079;0.12387;0;0;0;0;0;0;0;0;0;0;0;0;0
42.5;0.0021168;-5.8341e-05;-0.00034045;0.12711;0;0;0;0;0;0;0;0;0;0;0;0;0
43.001;0.0020559;-3.19e-05;-0.0002097;0.12969;0;0;0;0;0;0;0;0;0;0;0;0;0
43.499;0.0021389;-6.2897e-06;-0.00017763;0.13273;0;0;0;0;0;0;0;0;0;0;0;0;0
43.999;0.0023331;-8.0319e-05;-7.1981e-05;0.13581;0;0;0;0;0;0;0;0;0;0;0;0;0
44.499;0.0022373;-0.00020529;-7.0265e-05;0.13891;0;0;0;0;0;0;0;0;0;0;0;0;0
44.999;0.0025045;-0.00016785;-5.0749e-05;0.14154;0;0;0;0;0;0;0;0;0;0;0;0;0
45.5;0.0029022;-0.00018389;-0.00021239;0.1449;0;0;0;0;0;0;0;0;0;0;0;0;0
46;0.0025204;-0.00015057;-0.00010996;0.1478;0;0;0;0;0;0;0;0;0;0;0;0;0
46.5;0.0027987;-8.3661e-05;-0.00033373;0.1507;0;0;0;0;0;0;0;0;0;0;0;0;0
47;0.0026927;-8.4695e-05;-0.00018903;0.15384;0;0;0;0;0;0;0;0;0;0;0;0;0
47.499;0.0029612;-1.295e-05;-0.00012424;0.157;0;0;0;0;0;0;0;0;0;0;0;0;0
48;0.0029941;-1.0026e-07;-0.00018107;0.15993;0;0;0;0;0;0;0;0;0;0;0;0;0
48.499;0.0029839;-9.3494e-05;-5.905e-05;0.16285;0;0;0;0;0;0;0;0;0;0;0;0;0
49;0.0031455;1.6819e-05;-3.5681e-05;0.16606;0;0;0;0;0;0;0;0;0;0;0;0;0
49.499;0.0032251;-0.00012067;-7.2877e-05;0.16902;0;0;0;0;0;0;0;0;0;0;0;0;0
50;0.0034095;2.5597e-05;5.785e-05;0.17223;0;0;0;0;0;0;0;0;0;0;0;0;0
50.499;0.0033574;-6.0816e-05;-1.0713e-05;0.17548;0;0;0;0;0;0;0;0;0;0;0;0;0
51;0.0035955;-3.2242e-05;4.7642e-05;0.17822;0;0;0;0;0;0;0;0;0;0;0;0;0
51.5;0.0036672;8.8944e-05;-3.4218e-05;0.18171;0;0;0;0;0;0;0;0;0;0;0;0;0
52;0.0036912;6.9111e-05;1.8446e-05;0.18473;0;0;0;0;0;0;0;0;0;0;0;0;0
52.499;0.0037033;5.4922e-05;2.7802e-05;0.18773;0;0;0;0;0;0;0;0;0;0;0;0;0
53;0.0039085;3.2694e-05;-5.7458e-06;0.19096;0;0;0;0;0;0;0;0;0;0;0;0;0
53.5;0.0040367;-6.2155e-05;-2.2973e-05;0.1942;0;0;0;0;0;0;0;0;0;0;0;0;0
54;0.0039138;-9.0409e-05;-3.6901e-05;0.19692;0;0;0;0;0;0;0;0;0;0;0;0;0
54.5;0.0041278;1.3493e-05;-8.3882e-06;0.20014;0;0;0;0;0;0;0;0;0;0;0;0;0
55;0.0042822;-2.2059e-06;-4.6387e-05;0.20338;0;0;0;0;0;0;0;0;0;0;0;0;0
55.5;0.0042966;-3.5358e-05;2.2214e-05;0.20637;0;0;0;0;0;0;0;0;0;0;0;0;0
56.001;0.0044303;-2.2206e-05;-3.727e-05;0.20959;0;0;0;0;0;0;0;0;0;0;0;0;0
56.5;0.0045944;1.4944e-05;5.296e-05;0.21283;0;0;0;0;0;0;0;0;0;0;0;0;0
57;0.004589;-3.8842e-05;1.9753e-05;0.21583;0;0;0;0;0;0;0;0;0;0;0;0;0
57.5;0.0047458;-1.0127e-05;-1.4723e-05;0.2188;0;0;0;0;0;0;0;0;0;0;0;0;0
57.999;0.0048109;-4.1e-05;-3.4305e-05;0.22204;0;0;0;0;0;0;0;0;0;0;0;0;0
58.501;0.0049434;4.1681e-05;0.00015934;0.22498;0;0;0;0;0;0;0;0;0;0;0;0;0
59.002;0.0048909;-3.4176e-05;-1.8726e-05;0.22813;0;0;0;0;0;0;0;0;0;0;0;0;0
59.5;0.005076;-2.6634e-05;9.9715e-05;0.23129;0;0;0;0;0;0;0;0;0;0;0;0;0
59.999;0.0051289;1.3413e-06;6.967e-05;0.23392;0;0;0;0;0;0;0;0;0;0;0;0;0
60.499;0.0054102;-5.1438e-05;6.3032e-05;0.23695;0;0;0;0;0;0;0;0;0;0;0;0;0
61;0.005381;-1.2952e-05;0.00013673;0.23991;0;0;0;0;0;0;0;0;0;0;0;0;0
61.5;0.0055607;-1.3199e-05;0.00024627;0.24256;0;0;0;0;0;0;0;0;0;0;0;0;0
62;0.0055472;0.00015658;0.00025484;0.24532;0;0;0;0;0;0;0;0;0;0;0;0;0
62.5;0.005717;0.00016557;0.00043293;0.248;0;0;0;0;0;0;0;0;0;0;0;0;0
63;0.0058143;0.00012389;0.00024738;0.25016;0;0;0;0;0;0;0;0;0;0;0;0;0
63.5;0.0060397;0.00029576;0.0002373;0.25278;0;0;0;0;0;0;0;0;0;0;0;0;0
64;0.0058435;0.00020303;0.00034224;0.25495;0;0;0;0;0;0;0;0;0;0;0;0;0
64.5;0.0061228;0.00029487;0.00047344;0.25704;0;0;0;0;0;0;0;0;0;0;0;0;0
65;0.0061564;0.00024003;0.00032414;0.25925;0;0;0;0;0;0;0;0;0;0;0;0;0
65.5;0.0058856;0.00016598;0.00025796;0.26142;0;0;0;0;0;0;0;0;0;0;0;0;0
66;0.0065296;0.00035618;0.00039804;0.26339;0;0;0;0;0;0;0;0;0;0;0;0;0
66.5;0.0064611;0.0003215;0.00040262;0.26549;0;0;0;0;0;0;0;0;0;0;0;0;0
66.999;0.0065791;0.00022215;0.00045647;0.26743;0;0;0;0;0;0;0;0;0;0;0;0;0
67.5;0.0064555;0.00012751;0.00052425;0.26934;0;0;0;0;0;0;0;0;0;0;0;0;0
68;0.0067259;0.00032211;0.00040383;0.27138;0;0;0;0;0;0;0;0;0;0;0;0;0
68.5;0.0066672;0.00018233;0.00048418;0.27342;0;0;0;0;0;0;0;0;0;0;0;0;0
69;0.0067354;0.00023685;0.00054967;0.27527;0;0;0;0;0;0;0;0;0;0;0;0;0
69.5;0.0069382;0.00039351;0.00051938;0.27711;0;0;0;0;0;0;0;0;0;0;0;0;0
70;0.0072937;0.00024727;0.0004079;0.2791;0;0;0;0;0;0;0;0;0;0;0;0;0
70.499;0.0073023;0.00033366;0.00053482;0.28094;0;0;0;0;0;0;0;0;0;0;0;0;0
71;0.0073469;0.00028576;0.00053821;0.28291;0;0;0;0;0;0;0;0;0;0;0;0;0
71.5;0.0072785;0.00021273;0.0005894;0.28489;0;0;0;0;0;0;0;0;0;0;0;0;0
72.001;0.0075739;0.00029836;0.00045864;0.2867;0;0;0;0;0;0;0;0;0;0;0;0;0
72.5;0.0074924;0.00012051;0.00045576;0.28851;0;0;0;0;0;0;0;0;0;0;0;0;0
73;0.0075831;0.00046952;0.00047749;0.29061;0;0;0;0;0;0;0;0;0;0;0;0;0
73.499;0.0077501;0.00031836;0.00037606;0.29226;0;0;0;0;0;0;0;0;0;0;0;0;0
73.999;0.0079257;0.00034138;0.00049012;0.29417;0;0;0;0;0;0;0;0;0;0;0;0;0
74.5;0.0082015;0.00035901;0.00044536;0.29609;0;0;0;0;0;0;0;0;0;0;0;0;0
75;0.0082149;0.00032672;0.00055433;0.29784;0;0;0;0;0;0;0;0;0;0;0;0;0
75.5;0.0083829;0.00028091;0.00058129;0.29959;0;0;0;0;0;0;0;0;0;0;0;0;0
76;0.0085578;0.00039742;0.00049975;0.30164;0;0;0;0;0;0;0;0;0;0;0;0;0
76.5;0.008485;0.00045894;0.00055592;0.30325;0;0;0;0;0;0;0;0;0;0;0;0;0
76.999;0.0087125;0.00033013;0.00045329;0.30515;0;0;0;0;0;0;0;0;0;0;0;0;0
77.5;0.0087919;0.00037087;0.00046219;0.30708;0;0;0;0;0;0;0;0;0;0;0;0;0
78;0.0087704;0.00036357;0.00058318;0.30872;0;0;0;0;0;0;0;0;0;0;0;0;0
78.5;0.009169;0.00039262;0.0006502;0.31078;0;0;0;0;0;0;0;0;0;0;0;0;0
79;0.0093565;0.00025659;0.00057918;0.31256;0;0;0;0;0;0;0;0;0;0;0;0;0
79.499;0.0093428;0.00048293;0.00047569;0.31433;0;0;0;0;0;0;0;0;0;0;0;0;0
80;0.0096742;0.00033399;0.00058643;0.31627;0;0;0;0;0;0;0;0;0;0;0;0;0
80.5;0.0098992;0.0005191;0.00054608;0.31821;0;0;0;0;0;0;0;0;0;0;0;0;0
81;0.010011;0.0004844;0.00059289;0.31984;0;0;0;0;0;0;0;0;0;0;0;0;0
81.499;0.010003;0.0004448;0.00055615;0.32191;0;0;0;0;0;0;0;0;0;0;0;0;0
82;0.010146;0.00048368;0.00052212;0.32369;0;0;0;0;0;0;0;0;0;0;0;0;0
82.5;0.010379;0.00058488;0.00058032;0.32549;0;0;0;0;0;0;0;0;0;0;0;0;0
83;0.010609;0.00066867;0.00069154;0.32742;0;0;0;0;0;0;0;0;0;0;0;0;0
83.5;0.010842;0.00074341;0.00065614;0.32935;0;0;0;0;0;0;0;0;0;0;0;0;0
84;0.011008;0.00068849;0.0008611;0.3311;0;0;0;0;0;0;0;0;0;0;0;0;0
84.499;0.011122;0.00076264;0.00083495;0.33286;0;0;0;0;0;0;0;0;0;0;0;0;0
85;0.011406;0.00076951;0.00075247;0.33476;0;0;0;0;0;0;0;0;0;0;0;0;0
85.499;0.011715;0.00078788;0.00073088;0.33648;0;0;0;0;0;0;0;0;0;0;0;0;0
85.999;0.012001;0.00085449;0.00090551;0.33833;0;0;0;0;0;0;0;0;0;0;0;0;0
86.499;0.012522;0.00092578;0.0010367;0.34016;0;0;0;0;0;0;0;0;0;0;0;0;0
87;0.011623;0.0010399;0.00082283;0.34182;0;0;0;0;0;0;0;0;0;0;0;0;0
87.499;0.012224;0.0011317;0.00097432;0.34347;0;0;0;0;0;0;0;0;0;0;0;0;0
88;0.012554;0.0010358;0.0008682;0.34524;0;0;0;0;0;0;0;0;0;0;0;0;0
88.5;0.012775;0.001171;0.0008932;0.34686;0;0;0;0;0;0;0;0;0;0;0;0;0
88.999;0.0129;0.0011045;0.00097992;0.34859;0;0;0;0;0;0;0;0;0;0;0;0;0
89.499;0.013194;0.0011342;0.0011098;0.35017;0;0;0;0;0;0;0;0;0;0;0;0;0
90;0.013577;0.0013084;0.0010673;0.35173;0;0;0;0;0;0;0;0;0;0;0;0;0
90.5;0.013452;0.0011496;0.0011372;0.35341;0;0;0;0;0;0;0;0;0;0;0;0;0
91;0.014153;0.0011801;0.0012449;0.35507;0;0;0;0;0;0;0;0;0;0;0;0;0
91.499;0.014419;0.0012741;0.0012827;0.35671;0;0;0;0;0;0;0;0;0;0;0;0;0
92;0.014565;0.0014283;0.0013114;0.35807;0;0;0;0;0;0;0;0;0;0;0;0;0
92.5;0.015078;0.0011111;0.0013037;0.35965;0;0;0;0;0;0;0;0;0;0;0;0;0
93;0.014224;0.0012947;0.0013033;0.36121;0;0;0;0;0;0;0;0;0;0;0;0;0
93.501;0.015687;0.0012611;0.0015314;0.36264;0;0;0;0;0;0;0;0;0;0;0;0;0
93.999;0.015314;0.0013394;0.0014467;0.36418;0;0;0;0;0;0;0;0;0;0;0;0;0
94.501;0.015855;0.0013631;0.0015524;0.36558;0;0;0;0;0;0;0;0;0;0;0;0;0
95.001;0.016175;0.0014413;0.0016801;0.36707;0;0;0;0;0;0;0;0;0;0;0;0;0
95.502;0.016484;0.001556;0.0016137;0.36843;0;0;0;0;0;0;0;0;0;0;0;0;0
96.001;0.016779;0.0016271;0.0016818;0.36989;0;0;0;0;0;0;0;0;0;0;0;0;0
96.5;0.017075;0.0016598;0.0017116;0.37122;0;0;0;0;0;0;0;0;0;0;0;0;0
97;0.017388;0.0016932;0.0018431;0.37264;0;0;0;0;0;0;0;0;0;0;0;0;0
97.5;0.017615;0.0017599;0.0018334;0.37406;0;0;0;0;0;0;0;0;0;0;0;0;0
98;0.01788;0.0017134;0.0017767;0.37521;0;0;0;0;0;0;0;0;0;0;0;0;0
98.499;0.018272;0.0019378;0.0018775;0.37658;0;0;0;0;0;0;0;0;0;0;0;0;0
98.999;0.018712;0.0020594;0.0018542;0.37793;0;0;0;0;0;0;0;0;0;0;0;0;0
99.5;0.018929;0.0019199;0.0020076;0.37926;0;0;0;0;0;0;0;0;0;0;0;0;0
100;0.019229;0.0022114;0.0019826;0.38048;0;0;0;0;0;0;0;0;0;0;0;0;0
100.5;0.019593;0.0021881;0.0020409;0.38178;0;0;0;0;0;0;0;0;0;0;0;0;0
101;0.019858;0.0022084;0.0021638;0.38296;0;0;0;0;0;0;0;0;0;0;0;0;0
101.5;0.020193;0.0021643;0.0022846;0.38414;0;0;0;0;0;0;0;0;0;0;0;0;0
102;0.020469;0.0021653;0.0020965;0.3854;0;0;0;0;0;0;0;0;0;0;0;0;0
102.5;0.020863;0.0023553;0.0022379;0.38655;0;0;0;0;0;0;0;0;0;0;0;0;0
103;0.021137;0.0023653;0.0023875;0.38769;0;0;0;0;0;0;0;0;0;0;0;0;0
103.5;0.021405;0.0024985;0.0022795;0.38891;0;0;0;0;0;0;0;0;0;0;0;0;0
104;0.021819;0.002473;0.0024082;0.39021;0;0;0;0;0;0;0;0;0;0;0;0;0
104.5;0.022117;0.0024545;0.0024076;0.39123;0;0;0;0;0;0;0;0;0;0;0;0;0
105;0.022543;0.0025015;0.0024671;0.39241;0;0;0;0;0;0;0;0;0;0;0;0;0
105.5;0.022646;0.0026259;0.0024016;0.39358;0;0;0;0;0;0;0;0;0;0;0;0;0
106;0.023183;0.0026978;0.0024335;0.39464;0;0;0;0;0;0;0;0;0;0;0;0;0
106.5;0.023268;0.0029325;0.0025444;0.39567;0;0;0;0;0;0;0;0;0;0;0;0;0
107;0.023796;0.0028621;0.002563;0.39677;0;0;0;0;0;0;0;0;0;0;0;0;0
107.5;0.024007;0.0030419;0.0025329;0.39778;0;0;0;0;0;0;0;0;0;0;0;0;0
108;0.024369;0.0030001;0.0026452;0.39886;0;0;0;0;0;0;0;0;0;0;0;0;0
108.5;0.024675;0.003136;0.0027012;0.39992;0;0;0;0;0;0;0;0;0;0;0;0;0
109;0.025091;0.0032371;0.0028344;0.4009;0;0;0;0;0;0;0;0;0;0;0;0;0
109.5;0.02543;0.0033386;0.0027835;0.40194;0;0;0;0;0;0;0;0;0;0;0;0;0
110;0.025614;0.0033689;0.0029321;0.40289;0;0;0;0;0;0;0;0;0;0;0;0;0
110.5;0.026072;0.0034347;0.0029779;0.40386;0;0;0;0;0;0;0;0;0;0;0;0;0
111;0.026402;0.0035136;0.0030455;0.4049;0;0;0;0;0;0;0;0;0;0;0;0;0
111.5;0.026793;0.0036226;0.0032056;0.40583;0;0;0;0;0;0;0;0;0;0;0;0;0
112;0.027096;0.0036746;0.0031543;0.40686;0;0;0;0;0;0;0;0;0;0;0;0;0
112.5;0.028198;0.0037413;0.0032353;0.40786;0;0;0;0;0;0;0;0;0;0;0;0;0
113;0.028052;0.0038058;0.0033366;0.40878;0;0;0;0;0;0;0;0;0;0;0;0;0
113.5;0.028403;0.0039934;0.0032274;0.40977;0;0;0;0;0;0;0;0;0;0;0;0;0
114;0.028766;0.0040326;0.0033876;0.41074;0;0;0;0;0;0;0;0;0;0;0;0;0
114.5;0.029046;0.0040182;0.0034734;0.41153;0;0;0;0;0;0;0;0;0;0;0;0;0
115;0.029564;0.0040686;0.0034222;0.41247;0;0;0;0;0;0;0;0;0;0;0;0;0
115.5;0.029685;0.0041481;0.0035078;0.4134;0;0;0;0;0;0;0;0;0;0;0;0;0
116;0.030177;0.0042248;0.0034767;0.41417;0;0;0;0;0;0;0;0;0;0;0;0;0
116.5;0.03034;0.0042062;0.0035711;0.41514;0;0;0;0;0;0;0;0;0;0;0;0;0
117;0.031414;0.0042908;0.0036201;0.41603;0;0;0;0;0;0;0;0;0;0;0;0;0
117.5;0.031389;0.0045114;0.0036644;0.41676;0;0;0;0;0;0;0;0;0;0;0;0;0
118;0.031655;0.0045274;0.0037188;0.41764;0;0;0;0;0;0;0;0;0;0;0;0;0
118.5;0.032333;0.0044879;0.0037779;0.41851;0;0;0;0;0;0;0;0;0;0;0;0;0
119;0.032369;0.0045668;0.0037713;0.4193;0;0;0;0;0;0;0;0;0;0;0;0;0
119.5;0.033022;0.0048502;0.0039072;0.42011;0;0;0;0;0;0;0;0;0;0;0;0;0
120;0.033275;0.004797;0.0041251;0.42096;0;0;0;0;0;0;0;0;0;0;0;0;0
120.5;0.033459;0.0049976;0.0039654;0.42173;0;0;0;0;0;0;0;0;0;0;0;0;0
121;0.03416;0.0049399;0.0041584;0.42257;0;0;0;0;0;0;0;0;0;0;0;0;0
121.5;0.033751;0.0049756;0.0042884;0.42332;0;0;0;0;0;0;0;0;0;0;0;0;0
122;0.034771;0.0051082;0.0042227;0.42412;0;0;0;0;0;0;0;0;0;0;0;0;0
122.5;0.034995;0.0052797;0.0043164;0.42488;0;0;0;0;0;0;0;0;0;0;0;0;0
123;0.035396;0.0053098;0.0042817;0.42568;0;0;0;0;0;0;0;0;0;0;0;0;0
123.5;0.035804;0.0054587;0.0044525;0.42647;0;0;0;0;0;0;0;0;0;0;0;0;0
124;0.036168;0.0055734;0.0044501;0.4272;0;0;0;0;0;0;0;0;0;0;0;0;0
124.5;0.036673;0.005637;0.004581;0.42793;0;0;0;0;0;0;0;0;0;0;0;0;0
125;0.036988;0.0057378;0.0045952;0.4287;0;0;0;0;0;0;0;0;0;0;0;0;0
125.5;0.037343;0.0056809;0.0047122;0.42943;0;0;0;0;0;0;0;0;0;0;0;0;0
126;0.037803;0.0057873;0.0047386;0.4302;0;0;0;0;0;0;0;0;0;0;0;0;0
126.5;0.038214;0.0058844;0.0048373;0.43097;0;0;0;0;0;0;0;0;0;0;0;0;0
127;0.038557;0.0060007;0.0048828;0.43169;0;0;0;0;0;0;0;0;0;0;0;0;0
127.5;0.038895;0.0060963;0.0048742;0.4324;0;0;0;0;0;0;0;0;0;0;0;0;0
128;0.039492;0.0061701;0.0049719;0.43313;0;0;0;0;0;0;0;0;0;0;0;0;0
128.5;0.039763;0.0062375;0.0048886;0.43389;0;0;0;0;0;0;0;0;0;0;0;0;0
129;0.040134;0.0062373;0.0050787;0.43456;0;0;0;0;0;0;0;0;0;0;0;0;0
129.5;0.040524;0.0063225;0.0050432;0.43528;0;0;0;0;0;0;0;0;0;0;0;0;0
130;0.040936;0.0063081;0.0051645;0.43594;0;0;0;0;0;0;0;0;0;0;0;0;0
130.5;0.041379;0.0063629;0.005211;0.4366;0;0;0;0;0;0;0;0;0;0;0;0;0
131;0.041749;0.0063642;0.0052747;0.43731;0;0;0;0;0;0;0;0;0;0;0;0;0
131.5;0.042116;0.0065379;0.0053584;0.43796;0;0;0;0;0;0;0;0;0;0;0;0;0
132;0.04255;0.0067197;0.0054917;0.43867;0;0;0;0;0;0;0;0;0;0;0;0;0
132.5;0.043038;0.0067815;0.0056776;0.43937;0;0;0;0;0;0;0;0;0;0;0;0;0
133;0.043363;0.0069611;0.0057593;0.44003;0;0;0;0;0;0;0;0;0;0;0;0;0
133.5;0.043683;0.007008;0.005752;0.44068;0;0;0;0;0;0;0;0;0;0;0;0;0
134;0.044064;0.0070361;0.0058195;0.44131;0;0;0;0;0;0;0;0;0;0;0;0;0
134.5;0.044563;0.0071522;0.005935;0.442;0;0;0;0;0;0;0;0;0;0;0;0;0
135;0.044906;0.0072173;0.0060724;0.44262;0;0;0;0;0;0;0;0;0;0;0;0;0
135.5;0.045349;0.0072208;0.0060268;0.44328;0;0;0;0;0;0;0;0;0;0;0;0;0
136;0.045624;0.007353;0.0061275;0.44395;0;0;0;0;0;0;0;0;0;0;0;0;0
136.5;0.046113;0.0074865;0.0062066;0.4446;0;0;0;0;0;0;0;0;0;0;0;0;0
137;0.046465;0.0076804;0.0063303;0.44515;0;0;0;0;0;0;0;0;0;0;0;0;0
137.5;0.046868;0.0075717;0.0064198;0.44584;0;0;0;0;0;0;0;0;0;0;0;0;0
138;0.047211;0.0076721;0.0064723;0.44643;0;0;0;0;0;0;0;0;0;0;0;0;0
138.5;0.047644;0.0077684;0.0065317;0.44702;0;0;0;0;0;0;0;0;0;0;0;0;0
139;0.047988;0.0077849;0.0066193;0.44765;0;0;0;0;0;0;0;0;0;0;0;0;0
139.5;0.048352;0.0078593;0.0067553;0.44829;0;0;0;0;0;0;0;0;0;0;0;0;0
140;0.048809;0.0080255;0.0069427;0.44882;0;0;0;0;0;0;0;0;0;0;0;0;0
140.5;0.049161;0.0080979;0.0068802;0.44951;0;0;0;0;0;0;0;0;0;0;0;0;0
141;0.049632;0.0081194;0.0070316;0.45008;0;0;0;0;0;0;0;0;0;0;0;0;0
141.5;0.049878;0.008201;0.0069852;0.45065;0;0;0;0;0;0;0;0;0;0;0;0;0
142;0.050449;0.0082972;0.0073615;0.45128;0;0;0;0;0;0;0;0;0;0;0;0;0
142.5;0.050725;0.0084047;0.0073578;0.45191;0;0;0;0;0;0;0;0;0;0;0;0;0
143;0.051182;0.0084727;0.0073128;0.45252;0;0;0;0;0;0;0;0;0;0;0;0;0
143.5;0.051882;0.0085204;0.0074821;0.45304;0;0;0;0;0;0;0;0;0;0;0;0;0
144;0.052155;0.0085864;0.0076467;0.45364;0;0;0;0;0;0;0;0;0;0;0;0;0
144.5;0.052584;0.0086929;0.0077767;0.45424;0;0;0;0;0;0;0;0;0;0;0;0;0
145;0.053082;0.0088139;0.0077344;0.45475;0;0;0;0;0;0;0;0;0;0;0;0;0
145.5;0.053382;0.0088718;0.0077584;0.45535;0;0;0;0;0;0;0;0;0;0;0;0;0
146;0.053883;0.0090121;0.0078456;0.45598;0;0;0;0;0;0;0;0;0;0;0;0;0
146.5;0.054215;0.0089799;0.0080992;0.45648;0;0;0;0;0;0;0;0;0;0;0;0;0
147;0.054711;0.0090026;0.0081981;0.45706;0;0;0;0;0;0;0;0;0;0;0;0;0
147.5;0.055088;0.0091009;0.0082344;0.45762;0;0;0;0;0;0;0;0;0;0;0;0;0
148;0.055456;0.0091553;0.0083196;0.45815;0;0;0;0;0;0;0;0;0;0;0;0;0
148.5;0.055895;0.0092345;0.0084308;0.45868;0;0;0;0;0;0;0;0;0;0;0;0;0
149;0.056238;0.0093639;0.0085094;0.45927;0;0;0;0;0;0;0;0;0;0;0;0;0
149.5;0.056637;0.0092684;0.0086565;0.45975;0;0;0;0;0;0;0;0;0;0;0;0;0
150;0.05715;0.0094231;0.0087702;0.46031;0;0;0;0;0;0;0;0;0;0;0;0;0
150.5;0.057673;0.0094343;0.0089923;0.46077;0;0;0;0;0;0;0;0;0;0;0;0;0
151;0.058173;0.0094767;0.0090421;0.46135;0;0;0;0;0;0;0;0;0;0;0;0;0
151.5;0.058646;0.0096306;0.0091398;0.46185;0;0;0;0;0;0;0;0;0;0;0;0;0
152;0.058991;0.0098604;0.0093416;0.46235;0;0;0;0;0;0;0;0;0;0;0;0;0
152.5;0.059223;0.0096518;0.0094442;0.46289;0;0;0;0;0;0;0;0;0;0;0;0;0
153;0.059789;0.0099802;0.0095319;0.46342;0;0;0;0;0;0;0;0;0;0;0;0;0
153.5;0.059596;0.0099036;0.0096344;0.46391;0;0;0;0;0;0;0;0;0;0;0;0;0
154;0.060345;0.010061;0.0097797;0.46445;0;0;0;0;0;0;0;0;0;0;0;0;0
154.5;0.0609;0.010106;0.0097462;0.46493;0;0;0;0;0;0;0;0;0;0;0;0;0
155;0.061457;0.010179;0.009843;0.46549;0;0;0;0;0;0;0;0;0;0;0;0;0
155.5;0.061889;0.010422;0.010094;0.46593;0;0;0;0;0;0;0;0;0;0;0;0;0
156;0.06216;0.01029;0.010122;0.46645;0;0;0;0;0;0;0;0;0;0;0;0;0
156.5;0.062926;0.010544;0.010355;0.46695;0;0;0;0;0;0;0;0;0;0;0;0;0
157;0.062964;0.010598;0.010456;0.46742;0;0;0;0;0;0;0;0;0;0;0;0;0
157.5;0.06329;0.010745;0.010606;0.46787;0;0;0;0;0;0;0;0;0;0;0;0;0
158;0.063585;0.010727;0.010558;0.46836;0;0;0;0;0;0;0;0;0;0;0;0;0
158.5;0.064186;0.010874;0.01067;0.46885;0;0;0;0;0;0;0;0;0;0;0;0;0
159;0.064755;0.010897;0.010714;0.46932;0;0;0;0;0;0;0;0;0;0;0;0;0
159.5;0.065186;0.010962;0.010818;0.46977;0;0;0;0;0;0;0;0;0;0;0;0;0
160;0.065252;0.01116;0.010897;0.47027;0;0;0;0;0;0;0;0;0;0;0;0;0
160.5;0.065788;0.011069;0.010882;0.47074;0;0;0;0;0;0;0;0;0;0;0;0;0
161;0.066349;0.011206;0.010978;0.47123;0;0;0;0;0;0;0;0;0;0;0;0;0
161.5;0.066784;0.011231;0.011161;0.47169;0;0;0;0;0;0;0;0;0;0;0;0;0
162;0.067089;0.011373;0.011171;0.47219;0;0;0;0;0;0;0;0;0;0;0;0;0
162.5;0.067363;0.011408;0.011162;0.47267;0;0;0;0;0;0;0;0;0;0;0;0;0
163;0.067814;0.011517;0.01123;0.47311;0;0;0;0;0;0;0;0;0;0;0;0;0
163.5;0.068346;0.011526;0.011293;0.47356;0;0;0;0;0;0;0;0;0;0;0;0;0
164;0.068575;0.011574;0.011303;0.47403;0;0;0;0;0;0;0;0;0;0;0;0;0
164.5;0.069094;0.011639;0.011387;0.4745;0;0;0;0;0;0;0;0;0;0;0;0;0
165;0.069397;0.011828;0.011601;0.47489;0;0;0;0;0;0;0;0;0;0;0;0;0
165.5;0.069971;0.011902;0.011598;0.47539;0;0;0;0;0;0;0;0;0;0;0;0;0
166;0.07034;0.011929;0.011557;0.47582;0;0;0;0;0;0;0;0;0;0;0;0;0
166.5;0.070767;0.012051;0.011694;0.47626;0;0;0;0;0;0;0;0;0;0;0;0;0
167;0.071276;0.012121;0.011746;0.47672;0;0;0;0;0;0;0;0;0;0;0;0;0
167.5;0.071558;0.012196;0.011934;0.47718;0;0;0;0;0;0;0;0;0;0;0;0;0
168;0.071938;0.012292;0.011926;0.47757;0;0;0;0;0;0;0;0;0;0;0;0;0
168.5;0.072388;0.01237;0.012006;0.47804;0;0;0;0;0;0;0;0;0;0;0;0;0
169;0.073041;0.012532;0.012073;0.47843;0;0;0;0;0;0;0;0;0;0;0;0;0
169.5;0.073266;0.012604;0.012146;0.47887;0;0;0;0;0;0;0;0;0;0;0;0;0
170;0.073728;0.012834;0.012204;0.4793;0;0;0;0;0;0;0;0;0;0;0;0;0
170.5;0.074163;0.012798;0.012259;0.4797;0;0;0;0;0;0;0;0;0;0;0;0;0
171;0.074697;0.012914;0.012375;0.48015;0;0;0;0;0;0;0;0;0;0;0;0;0
171.5;0.075012;0.012897;0.01251;0.48058;0;0;0;0;0;0;0;0;0;0;0;0;0
172;0.075475;0.013032;0.012643;0.48099;0;0;0;0;0;0;0;0;0;0;0;0;0
172.5;0.075862;0.013102;0.012724;0.48141;0;0;0;0;0;0;0;0;0;0;0;0;0
173;0.07621;0.013121;0.012753;0.48188;0;0;0;0;0;0;0;0;0;0;0;0;0
173.5;0.076646;0.013221;0.012781;0.48224;0;0;0;0;0;0;0;0;0;0;0;0;0
174;0.076914;0.013397;0.012921;0.48267;0;0;0;0;0;0;0;0;0;0;0;0;0
174.5;0.077339;0.013422;0.01295;0.48308;0;0;0;0;0;0;0;0;0;0;0;0;0
175;0.077837;0.013448;0.013125;0.48345;0;0;0;0;0;0;0;0;0;0;0;0;0
175.5;0.078165;0.013508;0.012976;0.48387;0;0;0;0;0;0;0;0;0;0;0;0;0
176;0.078646;0.013628;0.013194;0.48424;0;0;0;0;0;0;0;0;0;0;0;0;0
176.5;0.079043;0.013674;0.013275;0.4846;0;0;0;0;0;0;0;0;0;0;0;0;0
177;0.079518;0.013736;0.013393;0.48502;0;0;0;0;0;0;0;0;0;0;0;0;0
177.5;0.07981;0.01382;0.013379;0.4854;0;0;0;0;0;0;0;0;0;0;0;0;0
178;0.080253;0.013861;0.013536;0.48583;0;0;0;0;0;0;0;0;0;0;0;0;0
178.5;0.080843;0.014085;0.013604;0.48622;0;0;0;0;0;0;0;0;0;0;0;0;0
179;0.081307;0.014137;0.01368;0.4866;0;0;0;0;0;0;0;0;0;0;0;0;0
179.5;0.081614;0.014266;0.013739;0.48702;0;0;0;0;0;0;0;0;0;0;0;0;0
180;0.082125;0.014306;0.013931;0.48743;0;0;0;0;0;0;0;0;0;0;0;0;0
180.5;0.082211;0.014362;0.013941;0.48781;0;0;0;0;0;0;0;0;0;0;0;0;0
181;0.082814;0.014507;0.013996;0.48823;0;0;0;0;0;0;0;0;0;0;0;0;0
181.5;0.082986;0.014576;0.014237;0.48862;0;0;0;0;0;0;0;0;0;0;0;0;0
182;0.083496;0.014665;0.014262;0.48894;0;0;0;0;0;0;0;0;0;0;0;0;0
182.5;0.084186;0.014729;0.014355;0.48936;0;0;0;0;0;0;0;0;0;0;0;0;0
183;0.08466;0.014833;0.014561;0.48973;0;0;0;0;0;0;0;0;0;0;0;0;0
183.5;0.084941;0.015064;0.014647;0.49008;0;0;0;0;0;0;0;0;0;0;0;0;0
184;0.085478;0.015058;0.014847;0.49046;0;0;0;0;0;0;0;0;0;0;0;0;0
184.5;0.085852;0.01526;0.0149;0.49085;0;0;0;0;0;0;0;0;0;0;0;0;0
185;0.086336;0.015312;0.014987;0.49118;0;0;0;0;0;0;0;0;0;0;0;0;0
185.5;0.086793;0.015229;0.014994;0.49159;0;0;0;0;0;0;0;0;0;0;0;0;0
186;0.087065;0.015216;0.015291;0.49195;0;0;0;0;0;0;0;0;0;0;0;0;0
186.5;0.087605;0.015465;0.015274;0.49233;0;0;0;0;0;0;0;0;0;0;0;0;0
187;0.08797;0.015465;0.015426;0.49266;0;0;0;0;0;0;0;0;0;0;0;0;0
187.5;0.088371;0.015599;0.015393;0.49304;0;0;0;0;0;0;0;0;0;0;0;0;0
188;0.088885;0.015651;0.015492;0.49344;0;0;0;0;0;0;0;0;0;0;0;0;0
188.5;0.089403;0.015715;0.015482;0.49375;0;0;0;0;0;0;0;0;0;0;0;0;0
189;0.089723;0.015915;0.015685;0.49414;0;0;0;0;0;0;0;0;0;0;0;0;0
189.5;0.090098;0.016043;0.015744;0.49447;0;0;0;0;0;0;0;0;0;0;0;0;0
190;0.090657;0.015926;0.0159;0.4948;0;0;0;0;0;0;0;0;0;0;0;0;0
190.5;0.09109;0.016065;0.0161;0.49518;0;0;0;0;0;0;0;0;0;0;0;0;0
191;0.091407;0.016176;0.016086;0.49555;0;0;0;0;0;0;0;0;0;0;0;0;0
191.5;0.09193;0.01622;0.016161;0.4959;0;0;0;0;0;0;0;0;0;0;0;0;0
192;0.092274;0.016467;0.016367;0.49623;0;0;0;0;0;0;0;0;0;0;0;0;0
192.5;0.092429;0.016453;0.016417;0.49659;0;0;0;0;0;0;0;0;0;0;0;0;0
193;0.093158;0.016454;0.01661;0.49691;0;0;0;0;0;0;0;0;0;0;0;0;0
193.5;0.093578;0.016708;0.01669;0.49724;0;0;0;0;0;0;0;0;0;0;0;0;0
194;0.094146;0.016681;0.016829;0.4976;0;0;0;0;0;0;0;0;0;0;0;0;0
194.5;0.09434;0.016842;0.016811;0.49794;0;0;0;0;0;0;0;0;0;0;0;0;0
195;0.09501;0.016762;0.016948;0.49827;0;0;0;0;0;0;0;0;0;0;0;0;0
195.5;0.095481;0.016852;0.017006;0.4986;0;0;0;0;0;0;0;0;0;0;0;0;0
196;0.095727;0.016964;0.017102;0.49895;0;0;0;0;0;0;0;0;0;0;0;0;0
196.5;0.096118;0.01699;0.017161;0.49931;0;0;0;0;0;0;0;0;0;0;0;0;0
197;0.096564;0.017133;0.017373;0.49964;0;0;0;0;0;0;0;0;0;0;0;0;0
197.5;0.096881;0.017117;0.017346;0.5;0;0;0;0;0;0;0;0;0;0;0;0;0
198;0.097327;0.017182;0.017436;0.5003;0;0;0;0;0;0;0;0;0;0;0;0;0
198.5;0.09769;0.017377;0.017538;0.50066;0;0;0;0;0;0;0;0;0;0;0;0;0
199;0.098073;0.017512;0.017629;0.50102;0;0;0;0;0;0;0;0;0;0;0;0;0
199.5;0.098756;0.017566;0.01755;0.50138;0;0;0;0;0;0;0;0;0;0;0;0;0
200;0.099019;0.017573;0.017803;0.50167;0;0;0;0;0;0;0;0;0;0;0;0;0
200.5;0.099516;0.017666;0.017836;0.502;0;0;0;0;0;0;0;0;0;0;0;0;0
201;0.099936;0.017816;0.018095;0.50235;0;0;0;0;0;0;0;0;0;0;0;0;0
201.5;0.10037;0.017917;0.017999;0.50265;0;0;0;0;0;0;0;0;0;0;0;0;0
202;0.10079;0.017911;0.018109;0.50298;0;0;0;0;0;0;0;0;0;0;0;0;0
202.5;0.10122;0.018103;0.018288;0.5033;0;0;0;0;0;0;0;0;0;0;0;0;0
203;0.10149;0.018199;0.01842;0.50359;0;0;0;0;0;0;0;0;0;0;0;0;0
203.5;0.10178;0.018339;0.018513;0.50388;0;0;0;0;0;0;0;0;0;0;0;0;0
204;0.10229;0.018309;0.018643;0.5042;0;0;0;0;0;0;0;0;0;0;0;0;0
204.5;0.10248;0.01854;0.018743;0.50449;0;0;0;0;0;0;0;0;0;0;0;0;0
205;0.10325;0.018722;0.018948;0.50482;0;0;0;0;0;0;0;0;0;0;0;0;0
205.5;0.10369;0.018841;0.019116;0.5051;0;0;0;0;0;0;0;0;0;0;0;0;0
206;0.1037;0.018813;0.019183;0.50543;0;0;0;0;0;0;0;0;0;0;0;0;0
206.5;0.1044;0.018805;0.019298;0.50578;0;0;0;0;0;0;0;0;0;0;0;0;0
207;0.105;0.01907;0.019357;0.50611;0;0;0;0;0;0;0;0;0;0;0;0;0
207.5;0.10498;0.018999;0.019602;0.50639;0;0;0;0;0;0;0;0;0;0;0;0;0
208;0.10568;0.019204;0.019695;0.50671;0;0;0;0;0;0;0;0;0;0;0;0;0
208.5;0.10608;0.01927;0.019869;0.50703;0;0;0;0;0;0;0;0;0;0;0;0;0
209;0.10622;0.019331;0.019951;0.5073;0;0;0;0;0;0;0;0;0;0;0;0;0
209.5;0.10691;0.019508;0.020111;0.50764;0;0;0;0;0;0;0;0;0;0;0;0;0
210;0.1072;0.019574;0.020139;0.50792;0;0;0;0;0;0;0;0;0;0;0;0;0
210.5;0.10785;0.019636;0.020274;0.50821;0;0;0;0;0;0;0;0;0;0;0;0;0
211;0.10829;0.019756;0.020272;0.50851;0;0;0;0;0;0;0;0;0;0;0;0;0
211.5;0.1086;0.019975;0.020484;0.50882;0;0;0;0;0;0;0;0;0;0;0;0;0
212;0.10907;0.019941;0.020625;0.50911;0;0;0;0;0;0;0;0;0;0;0;0;0
212.5;0.10955;0.020037;0.020564;0.50937;0;0;0;0;0;0;0;0;0;0;0;0;0
213;0.11006;0.020067;0.020899;0.50968;0;0;0;0;0;0;0;0;0;0;0;0;0
213.5;0.11042;0.020236;0.020987;0.50995;0;0;0;0;0;0;0;0;0;0;0;0;0
214;0.11072;0.020239;0.02111;0.51024;0;0;0;0;0;0;0;0;0;0;0;0;0
214.5;0.11119;0.020394;0.021216;0.51054;0;0;0;0;0;0;0;0;0;0;0;0;0
215;0.11162;0.020399;0.021335;0.51082;0;0;0;0;0;0;0;0;0;0;0;0;0
215.5;0.11203;0.020609;0.021441;0.51109;0;0;0;0;0;0;0;0;0;0;0;0;0
216;0.11273;0.020616;0.021559;0.51137;0;0;0;0;0;0;0;0;0;0;0;0;0
216.5;0.11287;0.020716;0.021643;0.51168;0;0;0;0;0;0;0;0;0;0;0;0;0
217;0.1135;0.020895;0.021792;0.51197;0;0;0;0;0;0;0;0;0;0;0;0;0
217.5;0.11396;0.020912;0.021961;0.51228;0;0;0;0;0;0;0;0;0;0;0;0;0
218;0.11429;0.021158;0.021999;0.51255;0;0;0;0;0;0;0;0;0;0;0;0;0
218.5;0.11466;0.021154;0.022107;0.51281;0;0;0;0;0;0;0;0;0;0;0;0;0
219;0.11513;0.021428;0.022287;0.51311;0;0;0;0;0;0;0;0;0;0;0;0;0
219.5;0.11539;0.021426;0.022503;0.51338;0;0;0;0;0;0;0;0;0;0;0;0;0
220;0.11575;0.021556;0.022501;0.51366;0;0;0;0;0;0;0;0;0;0;0;0;0
220.5;0.11647;0.021592;0.022718;0.51395;0;0;0;0;0;0;0;0;0;0;0;0;0
221;0.11666;0.021772;0.022819;0.51419;0;0;0;0;0;0;0;0;0;0;0;0;0
221.5;0.11686;0.021781;0.022913;0.51449;0;0;0;0;0;0;0;0;0;0;0;0;0
222;0.11755;0.021928;0.023116;0.51475;0;0;0;0;0;0;0;0;0;0;0;0;0
222.5;0.11812;0.022022;0.023245;0.51502;0;0;0;0;0;0;0;0;0;0;0;0;0
223;0.11853;0.022147;0.023372;0.51529;0;0;0;0;0;0;0;0;0;0;0;0;0
223.5;0.11911;0.022276;0.023492;0.51559;0;0;0;0;0;0;0;0;0;0;0;0;0
224;0.11936;0.022252;0.023443;0.51582;0;0;0;0;0;0;0;0;0;0;0;0;0
224.5;0.11983;0.022226;0.0236;0.5161;0;0;0;0;0;0;0;0;0;0;0;0;0
225;0.12031;0.022456;0.023829;0.51637;0;0;0;0;0;0;0;0;0;0;0;0;0
225.5;0.12049;0.022512;0.023856;0.51663;0;0;0;0;0;0;0;0;0;0;0;0;0
226;0.12113;0.02277;0.024073;0.51689;0;0;0;0;0;0;0;0;0;0;0;0;0
226.5;0.12147;0.022961;0.024152;0.51716;0;0;0;0;0;0;0;0;0;0;0;0;0
227;0.12189;0.022949;0.024337;0.51743;0;0;0;0;0;0;0;0;0;0;0;0;0
227.5;0.12228;0.023116;0.024361;0.51768;0;0;0;0;0;0;0;0;0;0;0;0;0
228;0.12285;0.023237;0.024403;0.51795;0;0;0;0;0;0;0;0;0;0;0;0;0
228.5;0.12331;0.023389;0.024529;0.51822;0;0;0;0;0;0;0;0;0;0;0;0;0
229;0.12377;0.02351;0.024666;0.51846;0;0;0;0;0;0;0;0;0;0;0;0;0
229.5;0.12418;0.023483;0.024769;0.51875;0;0;0;0;0;0;0;0;0;0;0;0;0
230;0.1246;0.023669;0.024905;0.51901;0;0;0;0;0;0;0;0;0;0;0;0;0
230.5;0.12509;0.023812;0.025013;0.51924;0;0;0;0;0;0;0;0;0;0;0;0;0
231;0.1255;0.023934;0.025078;0.51952;0;0;0;0;0;0;0;0;0;0;0;0;0
231.5;0.12572;0.024105;0.025214;0.51979;0;0;0;0;0;0;0;0;0;0;0;0;0
232;0.12637;0.024199;0.025382;0.52002;0;0;0;0;0;0;0;0;0;0;0;0;0
232.5;0.12683;0.024361;0.025481;0.52032;0;0;0;0;0;0;0;0;0;0;0;0;0
233;0.12704;0.024366;0.025559;0.52058;0;0;0;0;0;0;0;0;0;0;0;0;0
233.5;0.1277;0.024623;0.025657;0.52083;0;0;0;0;0;0;0;0;0;0;0;0;0
234;0.12859;0.024616;0.025841;0.52108;0;0;0;0;0;0;0;0;0;0;0;0;0
234.5;0.12867;0.024689;0.025924;0.52136;0;0;0;0;0;0;0;0;0;0;0;0;0
235;0.12884;0.024906;0.026;0.52159;0;0;0;0;0;0;0;0;0;0;0;0;0
235.5;0.12919;0.025046;0.026176;0.52184;0;0;0;0;0;0;0;0;0;0;0;0;0
236;0.12969;0.025038;0.026246;0.52209;0;0;0;0;0;0;0;0;0;0;0;0;0
236.5;0.13017;0.025155;0.026409;0.52233;0;0;0;0;0;0;0;0;0;0;0;0;0
237;0.13071;0.025424;0.026471;0.52256;0;0;0;0;0;0;0;0;0;0;0;0;0
237.5;0.1311;0.025544;0.026634;0.52278;0;0;0;0;0;0;0;0;0;0;0;0;0
238;0.13141;0.025498;0.02676;0.52301;0;0;0;0;0;0;0;0;0;0;0;0;0
238.5;0.13197;0.025723;0.026955;0.52328;0;0;0;0;0;0;0;0;0;0;0;0;0
239;0.13197;0.025767;0.027004;0.52348;0;0;0;0;0;0;0;0;0;0;0;0;0
239.5;0.1324;0.025811;0.027076;0.52372;0;0;0;0;0;0;0;0;0;0;0;0;0
240;0.13309;0.026079;0.027214;0.52398;0;0;0;0;0;0;0;0;0;0;0;0;0
240.5;0.13344;0.026062;0.027319;0.52422;0;0;0;0;0;0;0;0;0;0;0;0;0
241;0.13397;0.026254;0.027372;0.52445;0;0;0;0;0;0;0;0;0;0;0;0;0
241.5;0.13446;0.026282;0.027531;0.52466;0;0;0;0;0;0;0;0;0;0;0;0;0
242;0.13483;0.026496;0.027643;0.52491;0;0;0;0;0;0;0;0;0;0;0;0;0
242.5;0.13518;0.026598;0.027784;0.52514;0;0;0;0;0;0;0;0;0;0;0;0;0
243;0.13569;0.026643;0.027896;0.52537;0;0;0;0;0;0;0;0;0;0;0;0;0
243.5;0.13603;0.0268;0.028006;0.52563;0;0;0;0;0;0;0;0;0;0;0;0;0
244;0.13649;0.026886;0.02808;0.52588;0;0;0;0;0;0;0;0;0;0;0;0;0
244.5;0.13683;0.026965;0.028176;0.52612;0;0;0;0;0;0;0;0;0;0;0;0;0
245;0.13725;0.027069;0.028331;0.52638;0;0;0;0;0;0;0;0;0;0;0;0;0
245.5;0.13709;0.027245;0.028329;0.5266;0;0;0;0;0;0;0;0;0;0;0;0;0
246;0.1382;0.027286;0.02851;0.52687;0;0;0;0;0;0;0;0;0;0;0;0;0
246.5;0.13874;0.027599;0.028608;0.52709;0;0;0;0;0;0;0;0;0;0;0;0;0
247;0.13916;0.027572;0.028732;0.52733;0;0;0;0;0;0;0;0;0;0;0;0;0
247.5;0.13952;0.027673;0.028803;0.52755;0;0;0;0;0;0;0;0;0;0;0;0;0
248;0.13999;0.0276;0.028928;0.52775;0;0;0;0;0;0;0;0;0;0;0;0;0
248.5;0.14033;0.027811;0.029067;0.52797;0;0;0;0;0;0;0;0;0;0;0;0;0
249;0.14082;0.027837;0.029101;0.5282;0;0;0;0;0;0;0;0;0;0;0;0;0
249.5;0.14122;0.027944;0.029252;0.52844;0;0;0;0;0;0;0;0;0;0;0;0;0
250;0.14169;0.028116;0.029268;0.52864;0;0;0;0;0;0;0;0;0;0;0;0;0
250.5;0.14206;0.02824;0.029459;0.52888;0;0;0;0;0;0;0;0;0;0;0;0;0
251;0.14255;0.02826;0.029482;0.52909;0;0;0;0;0;0;0;0;0;0;0;0;0
251.5;0.14275;0.028426;0.029625;0.52931;0;0;0;0;0;0;0;0;0;0;0;0;0
252;0.14336;0.028474;0.029689;0.52954;0;0;0;0;0;0;0;0;0;0;0;0;0
252.5;0.14379;0.028657;0.029761;0.52979;0;0;0;0;0;0;0;0;0;0;0;0;0
253;0.14419;0.028721;0.029837;0.52998;0;0;0;0;0;0;0;0;0;0;0;0;0
253.5;0.14491;0.028807;0.029996;0.53023;0;0;0;0;0;0;0;0;0;0;0;0;0
254;0.14511;0.028868;0.030123;0.53045;0;0;0;0;0;0;0;0;0;0;0;0;0
254.5;0.14552;0.028924;0.030169;0.53069;0;0;0;0;0;0;0;0;0;0;0;0;0
255;0.14617;0.029091;0.030301;0.53089;0;0;0;0;0;0;0;0;0;0;0;0;0
255.5;0.14638;0.029172;0.030351;0.53114;0;0;0;0;0;0;0;0;0;0;0;0;0
256;0.14702;0.029288;0.030481;0.53138;0;0;0;0;0;0;0;0;0;0;0;0;0
256.5;0.14738;0.029332;0.030575;0.53156;0;0;0;0;0;0;0;0;0;0;0;0;0
257;0.14782;0.029657;0.030553;0.5318;0;0;0;0;0;0;0;0;0;0;0;0;0
257.5;0.14835;0.029669;0.030758;0.53201;0;0;0;0;0;0;0;0;0;0;0;0;0
258;0.14872;0.029783;0.030917;0.53221;0;0;0;0;0;0;0;0;0;0;0;0;0
258.5;0.14918;0.029823;0.031012;0.53245;0;0;0;0;0;0;0;0;0;0;0;0;0
259;0.1495;0.029903;0.031096;0.53263;0;0;0;0;0;0;0;0;0;0;0;0;0
259.5;0.14996;0.030119;0.031186;0.53287;0;0;0;0;0;0;0;0;0;0;0;0;0
260;0.15043;0.030172;0.031366;0.53308;0;0;0;0;0;0;0;0;0;0;0;0;0
260.5;0.15087;0.030236;0.031407;0.53328;0;0;0;0;0;0;0;0;0;0;0;0;0
261;0.15133;0.03049;0.03149;0.53349;0;0;0;0;0;0;0;0;0;0;0;0;0
261.5;0.15165;0.030667;0.031568;0.5337;0;0;0;0;0;0;0;0;0;0;0;0;0
262;0.15212;0.030885;0.031599;0.5339;0;0;0;0;0;0;0;0;0;0;0;0;0
262.5;0.15263;0.030803;0.031689;0.53412;0;0;0;0;0;0;0;0;0;0;0;0;0
263;0.15301;0.030966;0.031786;0.53432;0;0;0;0;0;0;0;0;0;0;0;0;0
263.5;0.15344;0.031033;0.031984;0.5345;0;0;0;0;0;0;0;0;0;0;0;0;0
264;0.15399;0.031219;0.032068;0.53471;0;0;0;0;0;0;0;0;0;0;0;0;0
264.5;0.15425;0.03129;0.032095;0.5349;0;0;0;0;0;0;0;0;0;0;0;0;0
265;0.15485;0.031374;0.032197;0.53509;0;0;0;0;0;0;0;0;0;0;0;0;0
265.5;0.15536;0.031599;0.032356;0.53529;0;0;0;0;0;0;0;0;0;0;0;0;0
266;0.1558;0.031659;0.032538;0.5355;0;0;0;0;0;0;0;0;0;0;0;0;0
266.5;0.15632;0.0318;0.032602;0.53569;0;0;0;0;0;0;0;0;0;0;0;0;0
267;0.15688;0.031939;0.032754;0.53591;0;0;0;0;0;0;0;0;0;0;0;0;0
267.5;0.15706;0.031877;0.032748;0.53614;0;0;0;0;0;0;0;0;0;0;0;0;0
268;0.15734;0.032017;0.032889;0.53631;0;0;0;0;0;0;0;0;0;0;0;0;0
268.5;0.1576;0.032105;0.032982;0.53654;0;0;0;0;0;0;0;0;0;0;0;0;0
269;0.15821;0.032241;0.033112;0.53677;0;0;0;0;0;0;0;0;0;0;0;0;0
269.5;0.15881;0.03246;0.033279;0.53695;0;0;0;0;0;0;0;0;0;0;0;0;0
270;0.15914;0.032566;0.033298;0.53717;0;0;0;0;0;0;0;0;0;0;0;0;0
270.5;0.15957;0.032621;0.033547;0.53738;0;0;0;0;0;0;0;0;0;0;0;0;0
271;0.16011;0.032778;0.03366;0.53757;0;0;0;0;0;0;0;0;0;0;0;0;0
271.5;0.16058;0.033007;0.03377;0.53776;0;0;0;0;0;0;0;0;0;0;0;0;0
272;0.16103;0.033077;0.034022;0.53796;0;0;0;0;0;0;0;0;0;0;0;0;0
272.5;0.16143;0.033238;0.033977;0.53814;0;0;0;0;0;0;0;0;0;0;0;0;0
273;0.16186;0.033335;0.034213;0.53834;0;0;0;0;0;0;0;0;0;0;0;0;0
273.5;0.16245;0.03348;0.034319;0.53854;0;0;0;0;0;0;0;0;0;0;0;0;0
274;0.16278;0.033515;0.034482;0.53875;0;0;0;0;0;0;0;0;0;0;0;0;0
274.5;0.16328;0.033616;0.034644;0.53896;0;0;0;0;0;0;0;0;0;0;0;0;0
275;0.16361;0.033721;0.034599;0.53916;0;0;0;0;0;0;0;0;0;0;0;0;0
275.5;0.16414;0.033875;0.034747;0.53934;0;0;0;0;0;0;0;0;0;0;0;0;0
276;0.16443;0.034193;0.034883;0.53955;0;0;0;0;0;0;0;0;0;0;0;0;0
276.5;0.16517;0.034154;0.035128;0.53973;0;0;0;0;0;0;0;0;0;0;0;0;0
277;0.16549;0.034528;0.035081;0.5399;0;0;0;0;0;0;0;0;0;0;0;0;0
277.5;0.1661;0.034627;0.035306;0.54011;0;0;0;0;0;0;0;0;0;0;0;0;0
278;0.16659;0.034523;0.035377;0.54026;0;0;0;0;0;0;0;0;0;0;0;0;0
278.5;0.16716;0.034796;0.035504;0.54042;0;0;0;0;0;0;0;0;0;0;0;0;0
279;0.16729;0.034916;0.035676;0.54061;0;0;0;0;0;0;0;0;0;0;0;0;0
279.5;0.16776;0.034969;0.03573;0.54077;0;0;0;0;0;0;0;0;0;0;0;0;0
280;0.16831;0.035041;0.035861;0.54096;0;0;0;0;0;0;0;0;0;0;0;0;0
280.5;0.16877;0.035139;0.036043;0.54117;0;0;0;0;0;0;0;0;0;0;0;0;0
281;0.16915;0.035275;0.036139;0.54134;0;0;0;0;0;0;0;0;0;0;0;0;0
281.5;0.16951;0.035318;0.036165;0.54153;0;0;0;0;0;0;0;0;0;0;0;0;0
282;0.17037;0.035536;0.036256;0.54174;0;0;0;0;0;0;0;0;0;0;0;0;0
282.5;0.17046;0.035689;0.036363;0.54191;0;0;0;0;0;0;0;0;0;0;0;0;0
283;0.17083;0.035818;0.03642;0.54213;0;0;0;0;0;0;0;0;0;0;0;0;0
283.5;0.17116;0.035821;0.036566;0.54231;0;0;0;0;0;0;0;0;0;0;0;0;0
284;0.17198;0.036031;0.036614;0.5425;0;0;0;0;0;0;0;0;0;0;0;0;0
284.5;0.17235;0.036171;0.036818;0.54268;0;0;0;0;0;0;0;0;0;0;0;0;0
285;0.17305;0.036246;0.036869;0.54284;0;0;0;0;0;0;0;0;0;0;0;0;0
285.5;0.17322;0.036353;0.036928;0.54302;0;0;0;0;0;0;0;0;0;0;0;0;0
286;0.17374;0.036485;0.03706;0.54319;0;0;0;0;0;0;0;0;0;0;0;0;0
286.5;0.1742;0.036689;0.037165;0.54335;0;0;0;0;0;0;0;0;0;0;0;0;0
287;0.1745;0.03672;0.037327;0.54354;0;0;0;0;0;0;0;0;0;0;0;0;0
287.5;0.17493;0.036784;0.037458;0.54372;0;0;0;0;0;0;0;0;0;0;0;0;0
288;0.1752;0.037052;0.037531;0.54388;0;0;0;0;0;0;0;0;0;0;0;0;0
288.5;0.17596;0.037196;0.037631;0.5441;0;0;0;0;0;0;0;0;0;0;0;0;0
289;0.17647;0.03733;0.037864;0.54428;0;0;0;0;0;0;0;0;0;0;0;0;0
289.5;0.17682;0.037443;0.038038;0.54446;0;0;0;0;0;0;0;0;0;0;0;0;0
290;0.17744;0.037831;0.03822;0.54465;0;0;0;0;0;0;0;0;0;0;0;0;0
290.5;0.17788;0.03777;0.038238;0.54487;0;0;0;0;0;0;0;0;0;0;0;0;0
291;0.1783;0.037992;0.038519;0.54506;0;0;0;0;0;0;0;0;0;0;0;0;0
291.5;0.17878;0.038119;0.038637;0.54523;0;0;0;0;0;0;0;0;0;0;0;0;0
292;0.17917;0.038262;0.038679;0.54541;0;0;0;0;0;0;0;0;0;0;0;0;0
292.5;0.17984;0.03844;0.038723;0.54558;0;0;0;0;0;0;0;0;0;0;0;0;0
293;0.18023;0.038554;0.038929;0.54574;0;0;0;0;0;0;0;0;0;0;0;0;0
293.5;0.18086;0.038734;0.039092;0.54593;0;0;0;0;0;0;0;0;0;0;0;0;0
294;0.18121;0.038777;0.03919;0.5461;0;0;0;0;0;0;0;0;0;0;0;0;0
294.5;0.18163;0.038976;0.039297;0.54627;0;0;0;0;0;0;0;0;0;0;0;0;0
295;0.18211;0.039116;0.039487;0.54645;0;0;0;0;0;0;0;0;0;0;0;0;0
295.5;0.18272;0.039501;0.039632;0.5466;0;0;0;0;0;0;0;0;0;0;0;0;0
296;0.183;0.039413;0.03987;0.5468;0;0;0;0;0;0;0;0;0;0;0;0;0
296.5;0.18351;0.039611;0.03993;0.54697;0;0;0;0;0;0;0;0;0;0;0;0;0
297;0.18389;0.039762;0.039975;0.54714;0;0;0;0;0;0;0;0;0;0;0;0;0
297.5;0.18444;0.039847;0.040158;0.5473;0;0;0;0;0;0;0;0;0;0;0;0;0
298;0.18488;0.040141;0.040294;0.54746;0;0;0;0;0;0;0;0;0;0;0;0;0
298.5;0.1854;0.040277;0.040381;0.54763;0;0;0;0;0;0;0;0;0;0;0;0;0
299;0.18572;0.040328;0.040533;0.54779;0;0;0;0;0;0;0;0;0;0;0;0;0
299.5;0.18633;0.040715;0.040575;0.54796;0;0;0;0;0;0;0;0;0;0;0;0;0
300;0.18664;0.040759;0.040752;0.54813;0;0;0;0;0;0;0;0;0;0;0;0;0
300.5;0.18728;0.041051;0.040961;0.5483;0;0;0;0;0;0;0;0;0;0;0;0;0
301;0.18774;0.041202;0.041061;0.54845;0;0;0;0;0;0;0;0;0;0;0;0;0
301.5;0.18827;0.041246;0.041202;0.54864;0;0;0;0;0;0;0;0;0;0;0;0;0
302;0.18869;0.041444;0.04128;0.54881;0;0;0;0;0;0;0;0;0;0;0;0;0
302.5;0.18903;0.041633;0.041419;0.54897;0;0;0;0;0;0;0;0;0;0;0;0;0
303;0.18963;0.041734;0.041626;0.54914;0;0;0;0;0;0;0;0;0;0;0;0;0
303.5;0.19001;0.041964;0.041616;0.54931;0;0;0;0;0;0;0;0;0;0;0;0;0
304;0.19056;0.041963;0.04178;0.54946;0;0;0;0;0;0;0;0;0;0;0;0;0
304.5;0.19109;0.04219;0.041908;0.5496;0;0;0;0;0;0;0;0;0;0;0;0;0
305;0.19139;0.042307;0.042013;0.54976;0;0;0;0;0;0;0;0;0;0;0;0;0
305.5;0.19205;0.042481;0.042006;0.54991;0;0;0;0;0;0;0;0;0;0;0;0;0
306;0.19244;0.042798;0.042103;0.55008;0;0;0;0;0;0;0;0;0;0;0;0;0
306.5;0.19298;0.042851;0.042327;0.55024;0;0;0;0;0;0;0;0;0;0;0;0;0
307;0.19345;0.043019;0.042435;0.55038;0;0;0;0;0;0;0;0;0;0;0;0;0
307.5;0.19392;0.043266;0.042558;0.55055;0;0;0;0;0;0;0;0;0;0;0;0;0
308;0.19432;0.043358;0.042777;0.55073;0;0;0;0;0;0;0;0;0;0;0;0;0
308.5;0.19479;0.043421;0.042871;0.55087;0;0;0;0;0;0;0;0;0;0;0;0;0
309;0.19539;0.043608;0.042958;0.55104;0;0;0;0;0;0;0;0;0;0;0;0;0
309.5;0.19585;0.043774;0.043053;0.5512;0;0;0;0;0;0;0;0;0;0;0;0;0
310;0.19626;0.043864;0.043222;0.55136;0;0;0;0;0;0;0;0;0;0;0;0;0
310.5;0.19663;0.044083;0.043321;0.55151;0;0;0;0;0;0;0;0;0;0;0;0;0
311;0.19707;0.044097;0.043418;0.55168;0;0;0;0;0;0;0;0;0;0;0;0;0
311.5;0.19737;0.044234;0.043545;0.55184;0;0;0;0;0;0;0;0;0;0;0;0;0
312;0.19812;0.044375;0.043666;0.55199;0;0;0;0;0;0;0;0;0;0;0;0;0
312.5;0.19857;0.044384;0.043716;0.55216;0;0;0;0;0;0;0;0;0;0;0;0;0
313;0.19965;0.04455;0.043909;0.5523;0;0;0;0;0;0;0;0;0;0;0;0;0
313.5;0.1994;0.044853;0.044194;0.55246;0;0;0;0;0;0;0;0;0;0;0;0;0
314;0.19998;0.044901;0.044298;0.55262;0;0;0;0;0;0;0;0;0;0;0;0;0
314.5;0.20049;0.044923;0.044413;0.55277;0;0;0;0;0;0;0;0;0;0;0;0;0
315;0.20094;0.045131;0.044519;0.55291;0;0;0;0;0;0;0;0;0;0;0;0;0
315.5;0.20151;0.045359;0.044574;0.55307;0;0;0;0;0;0;0;0;0;0;0;0;0
316;0.20196;0.045431;0.044746;0.55321;0;0;0;0;0;0;0;0;0;0;0;0;0
316.5;0.20239;0.045514;0.044903;0.55336;0;0;0;0;0;0;0;0;0;0;0;0;0
317;0.20272;0.045723;0.044896;0.55349;0;0;0;0;0;0;0;0;0;0;0;0;0
317.5;0.2032;0.045881;0.045103;0.55364;0;0;0;0;0;0;0;0;0;0;0;0;0
318;0.20372;0.046073;0.045274;0.55377;0;0;0;0;0;0;0;0;0;0;0;0;0
318.5;0.20424;0.046282;0.045344;0.55394;0;0;0;0;0;0;0;0;0;0;0;0;0
319;0.20461;0.046378;0.04556;0.55407;0;0;0;0;0;0;0;0;0;0;0;0;0
319.5;0.20521;0.046509;0.045671;0.55421;0;0;0;0;0;0;0;0;0;0;0;0;0
320;0.20576;0.046763;0.045768;0.55437;0;0;0;0;0;0;0;0;0;0;0;0;0
320.5;0.2061;0.046864;0.045937;0.55451;0;0;0;0;0;0;0;0;0;0;0;0;0
321;0.20645;0.047008;0.04611;0.55465;0;0;0;0;0;0;0;0;0;0;0;0;0
321.5;0.20702;0.047312;0.046258;0.55483;0;0;0;0;0;0;0;0;0;0;0;0;0
322;0.20759;0.047467;0.046421;0.55496;0;0;0;0;0;0;0;0;0;0;0;0;0
322.5;0.20836;0.047637;0.046566;0.55509;0;0;0;0;0;0;0;0;0;0;0;0;0
323;0.20893;0.0479;0.046594;0.55525;0;0;0;0;0;0;0;0;0;0;0;0;0
323.5;0.20925;0.047921;0.046752;0.55541;0;0;0;0;0;0;0;0;0;0;0;0;0
324;0.20935;0.048157;0.046977;0.55556;0;0;0;0;0;0;0;0;0;0;0;0;0
324.5;0.20996;0.048275;0.047114;0.55572;0;0;0;0;0;0;0;0;0;0;0;0;0
325;0.21038;0.048336;0.047384;0.55587;0;0;0;0;0;0;0;0;0;0;0;0;0
325.5;0.21089;0.048572;0.047397;0.556;0;0;0;0;0;0;0;0;0;0;0;0;0
326;0.2115;0.048672;0.047588;0.55615;0;0;0;0;0;0;0;0;0;0;0;0;0
326.5;0.21185;0.048876;0.047874;0.5563;0;0;0;0;0;0;0;0;0;0;0;0;0
327;0.21238;0.04902;0.047962;0.5564;0;0;0;0;0;0;0;0;0;0;0;0;0
327.5;0.21295;0.049176;0.048107;0.55655;0;0;0;0;0;0;0;0;0;0;0;0;0
328;0.21326;0.049271;0.048277;0.55668;0;0;0;0;0;0;0;0;0;0;0;0;0
328.5;0.21385;0.0494;0.048415;0.5568;0;0;0;0;0;0;0;0;0;0;0;0;0
329;0.21427;0.049653;0.04861;0.55693;0;0;0;0;0;0;0;0;0;0;0;0;0
329.5;0.21494;0.049861;0.048771;0.55708;0;0;0;0;0;0;0;0;0;0;0;0;0
330;0.21554;0.050102;0.049014;0.55723;0;0;0;0;0;0;0;0;0;0;0;0;0
330.5;0.21571;0.050111;0.049085;0.55735;0;0;0;0;0;0;0;0;0;0;0;0;0
331;0.21619;0.050417;0.049229;0.55748;0;0;0;0;0;0;0;0;0;0;0;0;0
331.5;0.21689;0.050546;0.049566;0.55763;0;0;0;0;0;0;0;0;0;0;0;0;0
332;0.21746;0.050694;0.049701;0.55777;0;0;0;0;0;0;0;0;0;0;0;0;0
332.5;0.21772;0.050888;0.049904;0.55789;0;0;0;0;0;0;0;0;0;0;0;0;0
333;0.21834;0.050959;0.050098;0.55802;0;0;0;0;0;0;0;0;0;0;0;0;0
333.5;0.21879;0.051161;0.050271;0.55818;0;0;0;0;0;0;0;0;0;0;0;0;0
334;0.21935;0.051348;0.050457;0.55829;0;0;0;0;0;0;0;0;0;0;0;0;0
334.5;0.21982;0.051432;0.050535;0.5584;0;0;0;0;0;0;0;0;0;0;0;0;0
335;0.22001;0.051522;0.050742;0.55854;0;0;0;0;0;0;0;0;0;0;0;0;0
335.5;0.22067;0.051659;0.050919;0.55866;0;0;0;0;0;0;0;0;0;0;0;0;0
336;0.22114;0.051791;0.05103;0.55879;0;0;0;0;0;0;0;0;0;0;0;0;0
336.5;0.22174;0.051979;0.051128;0.55891;0;0;0;0;0;0;0;0;0;0;0;0;0
337;0.2221;0.052145;0.051314;0.55903;0;0;0;0;0;0;0;0;0;0;0;0;0
337.5;0.22266;0.052279;0.051478;0.55917;0;0;0;0;0;0;0;0;0;0;0;0;0
338;0.22304;0.052439;0.051697;0.55929;0;0;0;0;0;0;0;0;0;0;0;0;0
338.5;0.22351;0.052608;0.051824;0.55943;0;0;0;0;0;0;0;0;0;0;0;0;0
339;0.22403;0.052692;0.052037;0.55955;0;0;0;0;0;0;0;0;0;0;0;0;0
339.5;0.22441;0.052965;0.052162;0.55966;0;0;0;0;0;0;0;0;0;0;0;0;0
340;0.22495;0.052961;0.052399;0.55979;0;0;0;0;0;0;0;0;0;0;0;0;0
340.5;0.22542;0.053198;0.052663;0.55989;0;0;0;0;0;0;0;0;0;0;0;0;0
341;0.2259;0.05336;0.052785;0.56001;0;0;0;0;0;0;0;0;0;0;0;0;0
341.5;0.22644;0.053434;0.052995;0.56015;0;0;0;0;0;0;0;0;0;0;0;0;0
342;0.22683;0.053654;0.053156;0.56027;0;0;0;0;0;0;0;0;0;0;0;0;0
342.5;0.2273;0.053777;0.053294;0.56038;0;0;0;0;0;0;0;0;0;0;0;0;0
343;0.22774;0.05401;0.05353;0.56051;0;0;0;0;0;0;0;0;0;0;0;0;0
343.5;0.2282;0.054187;0.053643;0.56062;0;0;0;0;0;0;0;0;0;0;0;0;0
344;0.22882;0.054377;0.053818;0.56076;0;0;0;0;0;0;0;0;0;0;0;0;0
344.5;0.22929;0.0544;0.054004;0.56088;0;0;0;0;0;0;0;0;0;0;0;0;0
345;0.22977;0.054557;0.054176;0.561;0;0;0;0;0;0;0;0;0;0;0;0;0
345.5;0.23022;0.054764;0.054411;0.5611;0;0;0;0;0;0;0;0;0;0;0;0;0
346;0.23075;0.054906;0.054466;0.56123;0;0;0;0;0;0;0;0;0;0;0;0;0
346.5;0.2313;0.055204;0.054674;0.56134;0;0;0;0;0;0;0;0;0;0;0;0;0
347;0.23178;0.055332;0.054948;0.56147;0;0;0;0;0;0;0;0;0;0;0;0;0
347.5;0.23239;0.055532;0.055086;0.56162;0;0;0;0;0;0;0;0;0;0;0;0;0
348;0.23276;0.055638;0.055252;0.56174;0;0;0;0;0;0;0;0;0;0;0;0;0
348.5;0.23322;0.055855;0.055333;0.56186;0;0;0;0;0;0;0;0;0;0;0;0;0
349;0.23368;0.056036;0.055494;0.56198;0;0;0;0;0;0;0;0;0;0;0;0;0
349.5;0.23425;0.056286;0.055702;0.56207;0;0;0;0;0;0;0;0;0;0;0;0;0
350;0.23473;0.056485;0.055937;0.5622;0;0;0;0;0;0;0;0;0;0;0;0;0
350.5;0.23534;0.056716;0.056091;0.56233;0;0;0;0;0;0;0;0;0;0;0;0;0
351;0.23573;0.056714;0.056275;0.56243;0;0;0;0;0;0;0;0;0;0;0;0;0
351.5;0.23636;0.056989;0.05643;0.56258;0;0;0;0;0;0;0;0;0;0;0;0;0
352;0.2367;0.057102;0.056545;0.56268;0;0;0;0;0;0;0;0;0;0;0;0;0
352.5;0.23734;0.057408;0.056813;0.56277;0;0;0;0;0;0;0;0;0;0;0;0;0
353;0.23771;0.057475;0.056926;0.56291;0;0;0;0;0;0;0;0;0;0;0;0;0
353.5;0.23836;0.057729;0.056973;0.56303;0;0;0;0;0;0;0;0;0;0;0;0;0
354;0.23914;0.058061;0.057126;0.56312;0;0;0;0;0;0;0;0;0;0;0;0;0
354.5;0.23918;0.057896;0.057277;0.56325;0;0;0;0;0;0;0;0;0;0;0;0;0
355;0.23986;0.058227;0.05753;0.56336;0;0;0;0;0;0;0;0;0;0;0;0;0
355.5;0.24034;0.058352;0.057618;0.56347;0;0;0;0;0;0;0;0;0;0;0;0;0
356;0.24084;0.05862;0.057768;0.56359;0;0;0;0;0;0;0;0;0;0;0;0;0
356.5;0.24137;0.058793;0.057919;0.56371;0;0;0;0;0;0;0;0;0;0;0;0;0
357;0.24191;0.05891;0.058012;0.56382;0;0;0;0;0;0;0;0;0;0;0;0;0
357.5;0.24207;0.059227;0.058184;0.56393;0;0;0;0;0;0;0;0;0;0;0;0;0
358;0.24275;0.059513;0.058422;0.56404;0;0;0;0;0;0;0;0;0;0;0;0;0
358.5;0.24324;0.059534;0.058516;0.56417;0;0;0;0;0;0;0;0;0;0;0;0;0
359.01;0.24379;0.059741;0.058663;0.56424;0;0;0;0;0;0;0;0;0;0;0;0;0
359.5;0.24438;0.059978;0.05881;0.56433;0;0;0;0;0;0;0;0;0;0;0;0;0
360;0.24485;0.060156;0.058928;0.56444;0;0;0;0;0;0;0;0;0;0;0;0;0
360.5;0.24544;0.06047;0.059137;0.56453;0;0;0;0;0;0;0;0;0;0;0;0;0
361;0.24587;0.060526;0.059446;0.56463;0;0;0;0;0;0;0;0;0;0;0;0;0
361.5;0.24656;0.060753;0.059489;0.56471;0;0;0;0;0;0;0;0;0;0;0;0;0
362;0.24677;0.06104;0.059707;0.56482;0;0;0;0;0;0;0;0;0;0;0;0;0
362.5;0.24723;0.061215;0.059922;0.56492;0;0;0;0;0;0;0;0;0;0;0;0;0
363;0.24807;0.061478;0.060077;0.56504;0;0;0;0;0;0;0;0;0;0;0;0;0
363.5;0.24861;0.061773;0.060308;0.56514;0;0;0;0;0;0;0;0;0;0;0;0;0
364;0.24906;0.061763;0.060472;0.56528;0;0;0;0;0;0;0;0;0;0;0;0;0
364.53;0.2496;0.062095;0.060686;0.5654;0;0;0;0;0;0;0;0;0;0;0;0;0
365;0.24968;0.062276;0.060776;0.56547;0;0;0;0;0;0;0;0;0;0;0;0;0
365.5;0.25045;0.062608;0.060982;0.56557;0;0;0;0;0;0;0;0;0;0;0;0;0
366;0.25115;0.062773;0.061077;0.56568;0;0;0;0;0;0;0;0;0;0;0;0;0
366.5;0.25162;0.062955;0.061268;0.56579;0;0;0;0;0;0;0;0;0;0;0;0;0
367;0.25197;0.063179;0.061542;0.5659;0;0;0;0;0;0;0;0;0;0;0;0;0
367.5;0.25265;0.063479;0.061736;0.56598;0;0;0;0;0;0;0;0;0;0;0;0;0
368;0.25305;0.063718;0.062001;0.56611;0;0;0;0;0;0;0;0;0;0;0;0;0
368.5;0.25361;0.063889;0.062116;0.56621;0;0;0;0;0;0;0;0;0;0;0;0;0
369;0.25406;0.064176;0.06236;0.5663;0;0;0;0;0;0;0;0;0;0;0;0;0
369.5;0.25453;0.064464;0.062527;0.56639;0;0;0;0;0;0;0;0;0;0;0;0;0
370.02;0.25505;0.064541;0.062744;0.56652;0;0;0;0;0;0;0;0;0;0;0;0;0
370.5;0.25565;0.06476;0.062916;0.5666;0;0;0;0;0;0;0;0;0;0;0;0;0
371;0.25629;0.065171;0.063193;0.56669;0;0;0;0;0;0;0;0;0;0;0;0;0
371.5;0.25685;0.065261;0.063417;0.56676;0;0;0;0;0;0;0;0;0;0;0;0;0
372;0.25756;0.065569;0.06356;0.56684;0;0;0;0;0;0;0;0;0;0;0;0;0
372.5;0.25782;0.065779;0.063827;0.56692;0;0;0;0;0;0;0;0;0;0;0;0;0
373;0.25825;0.066092;0.064031;0.56701;0;0;0;0;0;0;0;0;0;0;0;0;0
373.5;0.25876;0.066294;0.064207;0.56713;0;0;0;0;0;0;0;0;0;0;0;0;0
374;0.25929;0.066576;0.064493;0.56719;0;0;0;0;0;0;0;0;0;0;0;0;0
374.5;0.2598;0.066701;0.064719;0.56728;0;0;0;0;0;0;0;0;0;0;0;0;0
375;0.26025;0.066992;0.064915;0.56739;0;0;0;0;0;0;0;0;0;0;0;0;0
375.5;0.26086;0.067195;0.065194;0.56749;0;0;0;0;0;0;0;0;0;0;0;0;0
376;0.26141;0.067463;0.065399;0.56758;0;0;0;0;0;0;0;0;0;0;0;0;0
376.5;0.26191;0.067808;0.065589;0.56767;0;0;0;0;0;0;0;0;0;0;0;0;0
377;0.26251;0.0681;0.065846;0.56776;0;0;0;0;0;0;0;0;0;0;0;0;0
377.5;0.26295;0.068226;0.066061;0.56787;0;0;0;0;0;0;0;0;0;0;0;0;0
378;0.26344;0.068677;0.066333;0.56796;0;0;0;0;0;0;0;0;0;0;0;0;0
378.5;0.26401;0.068848;0.06657;0.56804;0;0;0;0;0;0;0;0;0;0;0;0;0
379;0.26456;0.069173;0.066878;0.56813;0;0;0;0;0;0;0;0;0;0;0;0;0
379.5;0.26518;0.069214;0.067118;0.56821;0;0;0;0;0;0;0;0;0;0;0;0;0
380;0.26574;0.069698;0.067343;0.5683;0;0;0;0;0;0;0;0;0;0;0;0;0
380.5;0.26601;0.069867;0.067699;0.5684;0;0;0;0;0;0;0;0;0;0;0;0;0
381;0.26675;0.070056;0.067919;0.56848;0;0;0;0;0;0;0;0;0;0;0;0;0
381.5;0.26718;0.070231;0.068187;0.56857;0;0;0;0;0;0;0;0;0;0;0;0;0
382;0.26758;0.070452;0.068402;0.56866;0;0;0;0;0;0;0;0;0;0;0;0;0
382.5;0.26813;0.070589;0.068768;0.56874;0;0;0;0;0;0;0;0;0;0;0;0;0
383;0.26878;0.070809;0.068995;0.56882;0;0;0;0;0;0;0;0;0;0;0;0;0
383.5;0.26922;0.07106;0.069231;0.56891;0;0;0;0;0;0;0;0;0;0;0;0;0
384;0.26988;0.071235;0.069458;0.56897;0;0;0;0;0;0;0;0;0;0;0;0;0
384.5;0.27031;0.071393;0.069689;0.56906;0;0;0;0;0;0;0;0;0;0;0;0;0
385;0.27086;0.071625;0.069926;0.56913;0;0;0;0;0;0;0;0;0;0;0;0;0
385.5;0.2714;0.071778;0.070156;0.56922;0;0;0;0;0;0;0;0;0;0;0;0;0
386;0.27195;0.072076;0.070466;0.5693;0;0;0;0;0;0;0;0;0;0;0;0;0
386.5;0.27243;0.072318;0.070702;0.56936;0;0;0;0;0;0;0;0;0;0;0;0;0
387;0.27304;0.07246;0.070943;0.56945;0;0;0;0;0;0;0;0;0;0;0;0;0
387.5;0.27339;0.072698;0.071304;0.56954;0;0;0;0;0;0;0;0;0;0;0;0;0
388;0.27404;0.072956;0.071552;0.56962;0;0;0;0;0;0;0;0;0;0;0;0;0
388.5;0.27419;0.073277;0.071791;0.56969;0;0;0;0;0;0;0;0;0;0;0;0;0
389;0.27498;0.073441;0.072035;0.56975;0;0;0;0;0;0;0;0;0;0;0;0;0
389.5;0.27565;0.073621;0.072368;0.56982;0;0;0;0;0;0;0;0;0;0;0;0;0
390;0.27591;0.073913;0.072589;0.56989;0;0;0;0;0;0;0;0;0;0;0;0;0
390.5;0.27645;0.074092;0.072866;0.56997;0;0;0;0;0;0;0;0;0;0;0;0;0
391;0.27713;0.074373;0.073203;0.57006;0;0;0;0;0;0;0;0;0;0;0;0;0
391.5;0.27765;0.074657;0.073387;0.57014;0;0;0;0;0;0;0;0;0;0;0;0;0
392;0.27821;0.074834;0.073655;0.57019;0;0;0;0;0;0;0;0;0;0;0;0;0
392.5;0.2788;0.075152;0.073918;0.57026;0;0;0;0;0;0;0;0;0;0;0;0;0
393;0.27934;0.07548;0.074241;0.57033;0;0;0;0;0;0;0;0;0;0;0;0;0
393.53;0.27997;0.075779;0.07448;0.57044;0;0;0;0;0;0;0;0;0;0;0;0;0
394;0.28025;0.076051;0.074692;0.57049;0;0;0;0;0;0;0;0;0;0;0;0;0
394.5;0.28093;0.076279;0.075003;0.57056;0;0;0;0;0;0;0;0;0;0;0;0;0
395;0.28143;0.076572;0.075236;0.57062;0;0;0;0;0;0;0;0;0;0;0;0;0
395.5;0.28186;0.076783;0.075526;0.57072;0;0;0;0;0;0;0;0;0;0;0;0;0
396;0.28271;0.077065;0.075731;0.5708;0;0;0;0;0;0;0;0;0;0;0;0;0
396.5;0.28319;0.077254;0.075966;0.57089;0;0;0;0;0;0;0;0;0;0;0;0;0
397;0.28385;0.077586;0.076186;0.57095;0;0;0;0;0;0;0;0;0;0;0;0;0
397.5;0.28421;0.077852;0.076506;0.57102;0;0;0;0;0;0;0;0;0;0;0;0;0
398;0.28481;0.078301;0.076724;0.57109;0;0;0;0;0;0;0;0;0;0;0;0;0
398.5;0.28546;0.078622;0.077005;0.57114;0;0;0;0;0;0;0;0;0;0;0;0;0
399;0.28585;0.078904;0.077139;0.57119;0;0;0;0;0;0;0;0;0;0;0;0;0
399.5;0.28649;0.079204;0.077406;0.57124;0;0;0;0;0;0;0;0;0;0;0;0;0
400;0.28712;0.079537;0.077623;0.57131;0;0;0;0;0;0;0;0;0;0;0;0;0
400.5;0.28766;0.079847;0.077932;0.57137;0;0;0;0;0;0;0;0;0;0;0;0;0
401;0.28828;0.080161;0.078161;0.57144;0;0;0;0;0;0;0;0;0;0;0;0;0
401.5;0.28905;0.080447;0.078493;0.57149;0;0;0;0;0;0;0;0;0;0;0;0;0
402;0.28929;0.080643;0.078761;0.57153;0;0;0;0;0;0;0;0;0;0;0;0;0
402.5;0.28975;0.080931;0.078926;0.57158;0;0;0;0;0;0;0;0;0;0;0;0;0
403;0.29047;0.081297;0.079246;0.57162;0;0;0;0;0;0;0;0;0;0;0;0;0
403.5;0.29103;0.081456;0.079501;0.57165;0;0;0;0;0;0;0;0;0;0;0;0;0
404;0.29157;0.081876;0.079773;0.57171;0;0;0;0;0;0;0;0;0;0;0;0;0
404.5;0.29204;0.082034;0.079973;0.57174;0;0;0;0;0;0;0;0;0;0;0;0;0
405;0.29284;0.082336;0.080349;0.57179;0;0;0;0;0;0;0;0;0;0;0;0;0
405.5;0.29299;0.082781;0.080611;0.57185;0;0;0;0;0;0;0;0;0;0;0;0;0
406;0.29361;0.083099;0.080862;0.5719;0;0;0;0;0;0;0;0;0;0;0;0;0
406.5;0.29431;0.083601;0.081144;0.57195;0;0;0;0;0;0;0;0;0;0;0;0;0
407;0.29464;0.08407;0.08144;0.57203;0;0;0;0;0;0;0;0;0;0;0;0;0
407.5;0.29527;0.084335;0.081743;0.57208;0;0;0;0;0;0;0;0;0;0;0;0;0
408;0.29581;0.084547;0.081992;0.57212;0;0;0;0;0;0;0;0;0;0;0;0;0
408.5;0.29641;0.084681;0.082324;0.57219;0;0;0;0;0;0;0;0;0;0;0;0;0
409;0.29676;0.084952;0.08258;0.57226;0;0;0;0;0;0;0;0;0;0;0;0;0
409.5;0.2974;0.08545;0.082989;0.5723;0;0;0;0;0;0;0;0;0;0;0;0;0
410;0.29797;0.085819;0.083227;0.57235;0;0;0;0;0;0;0;0;0;0;0;0;0
410.5;0.2986;0.085963;0.083509;0.5724;0;0;0;0;0;0;0;0;0;0;0;0;0
411;0.29909;0.086271;0.083843;0.57245;0;0;0;0;0;0;0;0;0;0;0;0;0
411.5;0.29969;0.086673;0.084164;0.57251;0;0;0;0;0;0;0;0;0;0;0;0;0
412;0.30017;0.087146;0.084403;0.57255;0;0;0;0;0;0;0;0;0;0;0;0;0
412.5;0.3007;0.087548;0.084797;0.57257;0;0;0;0;0;0;0;0;0;0;0;0;0
413;0.30126;0.087803;0.085133;0.57261;0;0;0;0;0;0;0;0;0;0;0;0;0
413.5;0.30195;0.088133;0.085573;0.57265;0;0;0;0;0;0;0;0;0;0;0;0;0
414;0.30257;0.088461;0.085844;0.57269;0;0;0;0;0;0;0;0;0;0;0;0;0
414.5;0.30317;0.08899;0.086178;0.57272;0;0;0;0;0;0;0;0;0;0;0;0;0
415;0.3035;0.089352;0.086407;0.57277;0;0;0;0;0;0;0;0;0;0;0;0;0
415.5;0.30423;0.089741;0.086821;0.5728;0;0;0;0;0;0;0;0;0;0;0;0;0
416;0.30467;0.090095;0.087121;0.57283;0;0;0;0;0;0;0;0;0;0;0;0;0
416.5;0.30521;0.090464;0.08739;0.57287;0;0;0;0;0;0;0;0;0;0;0;0;0
417;0.30579;0.09082;0.087797;0.57289;0;0;0;0;0;0;0;0;0;0;0;0;0
417.5;0.30636;0.091264;0.088062;0.57294;0;0;0;0;0;0;0;0;0;0;0;0;0
418;0.30697;0.091601;0.088407;0.57297;0;0;0;0;0;0;0;0;0;0;0;0;0
418.5;0.3076;0.092037;0.088716;0.57301;0;0;0;0;0;0;0;0;0;0;0;0;0
419;0.30822;0.092401;0.089014;0.57305;0;0;0;0;0;0;0;0;0;0;0;0;0
419.5;0.30877;0.092834;0.089432;0.57307;0;0;0;0;0;0;0;0;0;0;0;0;0
420;0.30925;0.093212;0.089758;0.57312;0;0;0;0;0;0;0;0;0;0;0;0;0
420.5;0.30987;0.093595;0.090053;0.57316;0;0;0;0;0;0;0;0;0;0;0;0;0
421;0.31058;0.094131;0.090368;0.5732;0;0;0;0;0;0;0;0;0;0;0;0;0
421.5;0.31104;0.094487;0.090728;0.57324;0;0;0;0;0;0;0;0;0;0;0;0;0
422;0.3116;0.094979;0.091214;0.57327;0;0;0;0;0;0;0;0;0;0;0;0;0
422.5;0.31225;0.095493;0.0915;0.57331;0;0;0;0;0;0;0;0;0;0;0;0;0
423;0.31272;0.095772;0.091901;0.57333;0;0;0;0;0;0;0;0;0;0;0;0;0
423.5;0.31316;0.0962;0.092354;0.57336;0;0;0;0;0;0;0;0;0;0;0;0;0
424;0.31387;0.096663;0.09273;0.57337;0;0;0;0;0;0;0;0;0;0;0;0;0
424.5;0.31426;0.097025;0.093161;0.57339;0;0;0;0;0;0;0;0;0;0;0;0;0
425;0.31502;0.097494;0.093564;0.57341;0;0;0;0;0;0;0;0;0;0;0;0;0
425.5;0.31552;0.097857;0.094054;0.57342;0;0;0;0;0;0;0;0;0;0;0;0;0
426;0.31612;0.098211;0.094479;0.57344;0;0;0;0;0;0;0;0;0;0;0;0;0
426.5;0.31684;0.098619;0.094955;0.57346;0;0;0;0;0;0;0;0;0;0;0;0;0
427;0.31739;0.099036;0.095474;0.57348;0;0;0;0;0;0;0;0;0;0;0;0;0
427.5;0.31787;0.099493;0.095877;0.57349;0;0;0;0;0;0;0;0;0;0;0;0;0
428;0.31849;0.099867;0.096374;0.57351;0;0;0;0;0;0;0;0;0;0;0;0;0
428.5;0.31902;0.10032;0.096873;0.57351;0;0;0;0;0;0;0;0;0;0;0;0;0
429;0.31955;0.10071;0.09733;0.57351;0;0;0;0;0;0;0;0;0;0;0;0;0
429.5;0.32021;0.10111;0.097905;0.57353;0;0;0;0;0;0;0;0;0;0;0;0;0
430;0.32068;0.10156;0.098251;0.57353;0;0;0;0;0;0;0;0;0;0;0;0;0
430.5;0.32113;0.10189;0.098734;0.57354;0;0;0;0;0;0;0;0;0;0;0;0;0
431;0.32199;0.10233;0.099227;0.57355;0;0;0;0;0;0;0;0;0;0;0;0;0
431.5;0.32257;0.10288;0.09971;0.57356;0;0;0;0;0;0;0;0;0;0;0;0;0
432;0.32299;0.10315;0.10014;0.57359;0;0;0;0;0;0;0;0;0;0;0;0;0
432.5;0.32373;0.10359;0.1006;0.57362;0;0;0;0;0;0;0;0;0;0;0;0;0
433;0.32438;0.10396;0.10113;0.57365;0;0;0;0;0;0;0;0;0;0;0;0;0
433.5;0.32519;0.10423;0.1016;0.57365;0;0;0;0;0;0;0;0;0;0;0;0;0
434;0.3256;0.10461;0.10205;0.57368;0;0;0;0;0;0;0;0;0;0;0;0;0
434.5;0.32614;0.10492;0.10248;0.57369;0;0;0;0;0;0;0;0;0;0;0;0;0
435;0.32678;0.10522;0.10292;0.57369;0;0;0;0;0;0;0;0;0;0;0;0;0
435.5;0.3274;0.10559;0.1033;0.57369;0;0;0;0;0;0;0;0;0;0;0;0;0
436;0.32803;0.10583;0.10382;0.57368;0;0;0;0;0;0;0;0;0;0;0;0;0
436.5;0.32871;0.10618;0.10427;0.57369;0;0;0;0;0;0;0;0;0;0;0;0;0
437;0.32902;0.10647;0.10476;0.57369;0;0;0;0;0;0;0;0;0;0;0;0;0
437.5;0.32985;0.10677;0.10518;0.57369;0;0;0;0;0;0;0;0;0;0;0;0;0
438;0.33047;0.10722;0.10559;0.57369;0;0;0;0;0;0;0;0;0;0;0;0;0
438.5;0.33088;0.10763;0.10602;0.57368;0;0;0;0;0;0;0;0;0;0;0;0;0
439;0.33171;0.10797;0.10655;0.57368;0;0;0;0;0;0;0;0;0;0;0;0;0
439.5;0.33205;0.10833;0.1069;0.57368;0;0;0;0;0;0;0;0;0;0;0;0;0
440;0.33289;0.10862;0.1075;0.57367;0;0;0;0;0;0;0;0;0;0;0;0;0
440.5;0.33353;0.10894;0.10789;0.57367;0;0;0;0;0;0;0;0;0;0;0;0;0
441;0.33404;0.1094;0.10839;0.57367;0;0;0;0;0;0;0;0;0;0;0;0;0
441.5;0.33464;0.10977;0.10884;0.57367;0;0;0;0;0;0;0;0;0;0;0;0;0
442;0.33542;0.11014;0.10928;0.57367;0;0;0;0;0;0;0;0;0;0;0;0;0
442.5;0.33602;0.11041;0.10975;0.57366;0;0;0;0;0;0;0;0;0;0;0;0;0
443;0.33661;0.11079;0.11021;0.57365;0;0;0;0;0;0;0;0;0;0;0;0;0
443.5;0.33731;0.11128;0.11066;0.57364;0;0;0;0;0;0;0;0;0;0;0;0;0
444;0.33793;0.11175;0.11121;0.57363;0;0;0;0;0;0;0;0;0;0;0;0;0
444.5;0.33854;0.11219;0.11168;0.57363;0;0;0;0;0;0;0;0;0;0;0;0;0
445;0.33908;0.11265;0.11206;0.57362;0;0;0;0;0;0;0;0;0;0;0;0;0
445.5;0.33984;0.11318;0.11246;0.57361;0;0;0;0;0;0;0;0;0;0;0;0;0
446;0.34046;0.11353;0.11293;0.5736;0;0;0;0;0;0;0;0;0;0;0;0;0
446.5;0.34097;0.11406;0.11336;0.5736;0;0;0;0;0;0;0;0;0;0;0;0;0
447;0.34164;0.11457;0.11375;0.57359;0;0;0;0;0;0;0;0;0;0;0;0;0
447.5;0.34223;0.11504;0.11431;0.57359;0;0;0;0;0;0;0;0;0;0;0;0;0
448;0.34274;0.11555;0.11455;0.57357;0;0;0;0;0;0;0;0;0;0;0;0;0
448.5;0.34357;0.11604;0.1151;0.57355;0;0;0;0;0;0;0;0;0;0;0;0;0
449;0.34418;0.11654;0.11555;0.57355;0;0;0;0;0;0;0;0;0;0;0;0;0
449.5;0.3448;0.11708;0.11602;0.57352;0;0;0;0;0;0;0;0;0;0;0;0;0
450;0.34541;0.11756;0.1165;0.57351;0;0;0;0;0;0;0;0;0;0;0;0;0
450.5;0.34601;0.11808;0.11692;0.5735;0;0;0;0;0;0;0;0;0;0;0;0;0
451;0.34659;0.1186;0.11737;0.57347;0;0;0;0;0;0;0;0;0;0;0;0;0
451.5;0.34737;0.11912;0.11778;0.57344;0;0;0;0;0;0;0;0;0;0;0;0;0
452;0.34807;0.11972;0.11829;0.57343;0;0;0;0;0;0;0;0;0;0;0;0;0
452.5;0.34846;0.12028;0.11894;0.57342;0;0;0;0;0;0;0;0;0;0;0;0;0
453;0.34912;0.12082;0.11948;0.5734;0;0;0;0;0;0;0;0;0;0;0;0;0
453.5;0.34974;0.12148;0.12005;0.5734;0;0;0;0;0;0;0;0;0;0;0;0;0
454;0.35035;0.12203;0.12057;0.57339;0;0;0;0;0;0;0;0;0;0;0;0;0
454.5;0.351;0.12257;0.12105;0.57338;0;0;0;0;0;0;0;0;0;0;0;0;0
455;0.35181;0.12326;0.12166;0.57338;0;0;0;0;0;0;0;0;0;0;0;0;0
455.5;0.35233;0.12379;0.12223;0.57337;0;0;0;0;0;0;0;0;0;0;0;0;0
456;0.3529;0.12441;0.12284;0.57335;0;0;0;0;0;0;0;0;0;0;0;0;0
456.5;0.35363;0.1249;0.12341;0.57332;0;0;0;0;0;0;0;0;0;0;0;0;0
457;0.35419;0.12556;0.12408;0.5733;0;0;0;0;0;0;0;0;0;0;0;0;0
457.5;0.35484;0.12606;0.12461;0.57327;0;0;0;0;0;0;0;0;0;0;0;0;0
458;0.35547;0.12664;0.12522;0.57324;0;0;0;0;0;0;0;0;0;0;0;0;0
458.5;0.35614;0.12719;0.12576;0.57322;0;0;0;0;0;0;0;0;0;0;0;0;0
459;0.35675;0.1278;0.12635;0.5732;0;0;0;0;0;0;0;0;0;0;0;0;0
459.5;0.35732;0.12838;0.12693;0.57318;0;0;0;0;0;0;0;0;0;0;0;0;0
460;0.35803;0.1289;0.12745;0.57316;0;0;0;0;0;0;0;0;0;0;0;0;0
460.5;0.35867;0.12947;0.12812;0.57314;0;0;0;0;0;0;0;0;0;0;0;0;0
461;0.35923;0.13007;0.12868;0.57313;0;0;0;0;0;0;0;0;0;0;0;0;0
461.5;0.35998;0.1307;0.12916;0.57311;0;0;0;0;0;0;0;0;0;0;0;0;0
462;0.36052;0.13114;0.12977;0.5731;0;0;0;0;0;0;0;0;0;0;0;0;0
462.5;0.3612;0.13173;0.13038;0.57308;0;0;0;0;0;0;0;0;0;0;0;0;0
463;0.3619;0.13229;0.13097;0.57306;0;0;0;0;0;0;0;0;0;0;0;0;0
463.5;0.36264;0.13284;0.13156;0.57305;0;0;0;0;0;0;0;0;0;0;0;0;0
464;0.36319;0.13346;0.13214;0.57303;0;0;0;0;0;0;0;0;0;0;0;0;0
464.5;0.36387;0.13406;0.13267;0.57301;0;0;0;0;0;0;0;0;0;0;0;0;0
465;0.3644;0.13468;0.13327;0.573;0;0;0;0;0;0;0;0;0;0;0;0;0
465.5;0.36506;0.13527;0.13387;0.57298;0;0;0;0;0;0;0;0;0;0;0;0;0
466;0.36571;0.13581;0.1344;0.57295;0;0;0;0;0;0;0;0;0;0;0;0;0
466.5;0.36638;0.13654;0.13499;0.57293;0;0;0;0;0;0;0;0;0;0;0;0;0
467;0.36704;0.13712;0.13561;0.5729;0;0;0;0;0;0;0;0;0;0;0;0;0
467.5;0.36781;0.13774;0.13614;0.57287;0;0;0;0;0;0;0;0;0;0;0;0;0
468;0.36842;0.13844;0.1367;0.57285;0;0;0;0;0;0;0;0;0;0;0;0;0
468.5;0.36908;0.13906;0.13743;0.57283;0;0;0;0;0;0;0;0;0;0;0;0;0
469;0.36962;0.13967;0.13787;0.5728;0;0;0;0;0;0;0;0;0;0;0;0;0
469.5;0.37045;0.1402;0.13857;0.57278;0;0;0;0;0;0;0;0;0;0;0;0;0
470;0.37101;0.14086;0.13909;0.57275;0;0;0;0;0;0;0;0;0;0;0;0;0
470.5;0.37147;0.14152;0.13974;0.57273;0;0;0;0;0;0;0;0;0;0;0;0;0
471;0.37271;0.14215;0.14042;0.57271;0;0;0;0;0;0;0;0;0;0;0;0;0
471.5;0.37299;0.1427;0.14099;0.57269;0;0;0;0;0;0;0;0;0;0;0;0;0
472;0.37361;0.14329;0.14162;0.57267;0;0;0;0;0;0;0;0;0;0;0;0;0
472.5;0.37435;0.14388;0.14225;0.57265;0;0;0;0;0;0;0;0;0;0;0;0;0
473;0.37502;0.14446;0.14291;0.57262;0;0;0;0;0;0;0;0;0;0;0;0;0
473.5;0.3753;0.14503;0.14349;0.57259;0;0;0;0;0;0;0;0;0;0;0;0;0
474;0.37597;0.14561;0.1442;0.57257;0;0;0;0;0;0;0;0;0;0;0;0;0
474.5;0.37695;0.14628;0.14482;0.57255;0;0;0;0;0;0;0;0;0;0;0;0;0
475;0.37759;0.14684;0.14552;0.57252;0;0;0;0;0;0;0;0;0;0;0;0;0
475.5;0.37844;0.14741;0.14614;0.57249;0;0;0;0;0;0;0;0;0;0;0;0;0
476;0.37942;0.14801;0.1468;0.57245;0;0;0;0;0;0;0;0;0;0;0;0;0
476.5;0.3797;0.14859;0.14744;0.57242;0;0;0;0;0;0;0;0;0;0;0;0;0
477;0.38032;0.14911;0.14807;0.57239;0;0;0;0;0;0;0;0;0;0;0;0;0
477.5;0.38045;0.14976;0.14874;0.57236;0;0;0;0;0;0;0;0;0;0;0;0;0
478;0.3816;0.15039;0.1495;0.57231;0;0;0;0;0;0;0;0;0;0;0;0;0
478.5;0.38241;0.151;0.15019;0.57227;0;0;0;0;0;0;0;0;0;0;0;0;0
479;0.38301;0.15169;0.15083;0.57223;0;0;0;0;0;0;0;0;0;0;0;0;0
479.5;0.3837;0.1523;0.15153;0.57218;0;0;0;0;0;0;0;0;0;0;0;0;0
480;0.38464;0.15288;0.15224;0.57214;0;0;0;0;0;0;0;0;0;0;0;0;0
480.5;0.38507;0.1535;0.15295;0.5721;0;0;0;0;0;0;0;0;0;0;0;0;0
481;0.3857;0.15413;0.15353;0.57205;0;0;0;0;0;0;0;0;0;0;0;0;0
481.5;0.3865;0.15473;0.15418;0.572;0;0;0;0;0;0;0;0;0;0;0;0;0
482;0.38705;0.15552;0.15493;0.57196;0;0;0;0;0;0;0;0;0;0;0;0;0
482.5;0.3878;0.15612;0.15566;0.57189;0;0;0;0;0;0;0;0;0;0;0;0;0
483;0.38857;0.15677;0.15622;0.57184;0;0;0;0;0;0;0;0;0;0;0;0;0
483.5;0.3893;0.15748;0.15687;0.57178;0;0;0;0;0;0;0;0;0;0;0;0;0
484;0.3899;0.15814;0.15761;0.57173;0;0;0;0;0;0;0;0;0;0;0;0;0
484.5;0.39065;0.15882;0.1583;0.57164;0;0;0;0;0;0;0;0;0;0;0;0;0
485;0.39128;0.15944;0.15899;0.57158;0;0;0;0;0;0;0;0;0;0;0;0;0
485.5;0.39203;0.16015;0.15959;0.57151;0;0;0;0;0;0;0;0;0;0;0;0;0
486;0.39274;0.16081;0.16029;0.57143;0;0;0;0;0;0;0;0;0;0;0;0;0
486.5;0.39347;0.16137;0.16097;0.57133;0;0;0;0;0;0;0;0;0;0;0;0;0
487;0.39404;0.16207;0.16165;0.57125;0;0;0;0;0;0;0;0;0;0;0;0;0
487.5;0.39481;0.1628;0.16235;0.57114;0;0;0;0;0;0;0;0;0;0;0;0;0
488;0.39568;0.16351;0.16297;0.57102;0;0;0;0;0;0;0;0;0;0;0;0;0
488.5;0.39627;0.16434;0.16361;0.57091;0;0;0;0;0;0;0;0;0;0;0;0;0
489;0.39727;0.16503;0.16432;0.57078;0;0;0;0;0;0;0;0;0;0;0;0;0
489.5;0.39774;0.16569;0.16507;0.57068;0;0;0;0;0;0;0;0;0;0;0;0;0
490;0.3985;0.16643;0.16576;0.57058;0;0;0;0;0;0;0;0;0;0;0;0;0
490.5;0.3992;0.16705;0.16651;0.57041;0;0;0;0;0;0;0;0;0;0;0;0;0
491;0.39982;0.16769;0.16718;0.57029;0;0;0;0;0;0;0;0;0;0;0;0;0
491.5;0.40138;0.16852;0.16804;0.57017;0;0;0;0;0;0;0;0;0;0;0;0;0
492;0.40142;0.16923;0.16864;0.57002;0;0;0;0;0;0;0;0;0;0;0;0;0
492.5;0.40205;0.16986;0.16944;0.5698;0;0;0;0;0;0;0;0;0;0;0;0;0
493;0.40251;0.17066;0.17016;0.56963;0;0;0;0;0;0;0;0;0;0;0;0;0
493.5;0.40355;0.17125;0.17091;0.56941;0;0;0;0;0;0;0;0;0;0;0;0;0
494;0.40393;0.17194;0.17164;0.56923;0;0;0;0;0;0;0;0;0;0;0;0;0
494.5;0.4051;0.17257;0.17238;0.56896;0;0;0;0;0;0;0;0;0;0;0;0;0
495;0.40565;0.17337;0.17306;0.56871;0;0;0;0;0;0;0;0;0;0;0;0;0
495.5;0.40648;0.17395;0.17378;0.5685;0;0;0;0;0;0;0;0;0;0;0;0;0
496;0.40705;0.17464;0.17452;0.5682;0;0;0;0;0;0;0;0;0;0;0;0;0
496.5;0.40798;0.17535;0.17531;0.56784;0;0;0;0;0;0;0;0;0;0;0;0;0
497.01;0.40858;0.17597;0.17603;0.56752;0;0;0;0;0;0;0;0;0;0;0;0;0
497.5;0.40934;0.17667;0.1767;0.56729;0;0;0;0;0;0;0;0;0;0;0;0;0
498;0.41012;0.17732;0.17738;0.56688;0;0;0;0;0;0;0;0;0;0;0;0;0
498.5;0.41079;0.1781;0.17821;0.56653;0;0;0;0;0;0;0;0;0;0;0;0;0
499;0.41136;0.17876;0.1788;0.56619;0;0;0;0;0;0;0;0;0;0;0;0;0
499.5;0.41212;0.17947;0.17953;0.56583;0;0;0;0;0;0;0;0;0;0;0;0;0
500;0.41308;0.18014;0.18035;0.56545;0;0;0;0;0;0;0;0;0;0;0;0;0
500.5;0.41374;0.18078;0.18104;0.56516;0;0;0;0;0;0;0;0;0;0;0;0;0
501;0.4142;0.1815;0.1818;0.56468;0;0;0;0;0;0;0;0;0;0;0;0;0
501.5;0.41519;0.18226;0.18241;0.5643;0;0;0;0;0;0;0;0;0;0;0;0;0
502;0.41561;0.18291;0.18313;0.56395;0;0;0;0;0;0;0;0;0;0;0;0;0
502.5;0.41655;0.18368;0.18388;0.56345;0;0;0;0;0;0;0;0;0;0;0;0;0
503;0.4171;0.18438;0.18462;0.56305;0;0;0;0;0;0;0;0;0;0;0;0;0
503.5;0.41786;0.18502;0.18528;0.5626;0;0;0;0;0;0;0;0;0;0;0;0;0
504;0.41874;0.18569;0.18603;0.56223;0;0;0;0;0;0;0;0;0;0;0;0;0
504.5;0.41949;0.18643;0.18673;0.56168;0;0;0;0;0;0;0;0;0;0;0;0;0
505;0.41976;0.18706;0.18738;0.56127;0;0;0;0;0;0;0;0;0;0;0;0;0
505.5;0.42058;0.18788;0.18807;0.56083;0;0;0;0;0;0;0;0;0;0;0;0;0
506;0.42141;0.18863;0.18878;0.56019;0;0;0;0;0;0;0;0;0;0;0;0;0
506.5;0.4221;0.1894;0.18956;0.5597;0;0;0;0;0;0;0;0;0;0;0;0;0
507;0.42267;0.19011;0.19038;0.55928;0;0;0;0;0;0;0;0;0;0;0;0;0
507.5;0.42362;0.19068;0.19114;0.55877;0;0;0;0;0;0;0;0;0;0;0;0;0
508;0.42417;0.19151;0.19179;0.55819;0;0;0;0;0;0;0;0;0;0;0;0;0
508.5;0.42488;0.19227;0.19253;0.55764;0;0;0;0;0;0;0;0;0;0;0;0;0
509;0.42577;0.19304;0.19326;0.55694;0;0;0;0;0;0;0;0;0;0;0;0;0
509.5;0.42651;0.19382;0.19402;0.55645;0;0;0;0;0;0;0;0;0;0;0;0;0
510;0.42738;0.19453;0.19499;0.55569;0;0;0;0;0;0;0;0;0;0;0;0;0
510.5;0.4286;0.19568;0.19639;0.55499;0;0;0;0;0;0;0;0;0;0;0;0;0
