Date of Test;Material;Sample Geometry;Orientation [°];Test Number;Nominal Speed [mm/min];Thickness [mm];Central Width [mm];Gauge Width / Diameter [mm];Pixel to mm ratio [mm/px];Extensometer 1-4 [mm];Extensometer 2-3 [mm];Extensometer 5-6 [mm];;;;;
09/07/21;DP600Large;UT;00;3;0.48;0.29301;2;0;0;6;1.8;1.8;;;;;
;;;;;;;;;;;;;;;;;
Time [s];U1 [mm];U2 [mm];U3 [mm];Force [kN];Ambient Temperature [°C];DIC Zone X 1 [px];DIC Zone Y 1 [px];DIC Zone X 2 [px];DIC Zone Y 2 [px];DIC Zone X 3 [px];DIC Zone Y 3 [px];DIC Zone X 4 [px];DIC Zone Y 4 [px];DIC Zone X 5 [px];DIC Zone Y 5 [px];DIC Zone X 6 [px];DIC Zone Y 6 [px];exx;exy;eyy;e1;e2
0;0;0;0;0.0002058;0;0;0;0;0;0;0;0;0;0;0;0;0;-3.1572e-18;-1.3379e-17;-1.4139e-23;7.5972e-18;-2.4133e-17
0.5;-5.6168e-06;0.00012892;-2.3876e-06;0.0002156;0;0;0;0;0;0;0;0;0;0;0;0;0;-1.6496e-07;2.9723e-06;-2.2853e-06;0.00010854;-0.00010574
1;2.3716e-05;0.00013272;3.1917e-05;0.0002156;0;0;0;0;0;0;0;0;0;0;0;0;0;3.4769e-06;1.3464e-05;3.7239e-06;0.00011636;-9.9417e-05
1.499;-6.0401e-05;0.00010368;-2.6621e-05;0.0002352;0;0;0;0;0;0;0;0;0;0;0;0;0;-1.3447e-05;-1.653e-05;-2.33e-05;9.7793e-05;-0.00012777
1.999;-9.8959e-05;8.9563e-05;-4.9676e-05;0.0002646;0;0;0;0;0;0;0;0;0;0;0;0;0;-2.6105e-05;2.0623e-06;1.075e-06;0.00011113;-0.00013518
2.499;0.00012905;0.0001775;-0.00011501;0.0004214;0;0;0;0;0;0;0;0;0;0;0;0;0;2.5336e-05;-1.6229e-05;-9.2703e-07;0.00013374;-0.00012463
3;0.00032955;9.4694e-05;-4.3628e-05;0.0008036;0;0;0;0;0;0;0;0;0;0;0;0;0;4.658e-05;-9.227e-06;6.0057e-06;0.00016528;-0.00012793
3.499;0.00040297;0.00016783;-2.0301e-05;0.0017542;0;0;0;0;0;0;0;0;0;0;0;0;0;7.4225e-05;-2.5222e-05;5.6111e-08;0.00017093;-0.00012192
4;0.0007256;0.00015618;1.0264e-05;0.003381;0;0;0;0;0;0;0;0;0;0;0;0;0;0.00012965;-2.3438e-05;-1.1271e-05;0.00022212;-0.00011591
4.5;0.0011655;0.00034444;-2.2253e-05;0.0059486;0;0;0;0;0;0;0;0;0;0;0;0;0;0.00017855;-4.0507e-05;-1.5561e-05;0.00026384;-0.00012579
5;0.0013524;0.00037421;-0.00021472;0.0094276;0;0;0;0;0;0;0;0;0;0;0;0;0;0.00022857;-6.2611e-05;-1.9649e-05;0.00030517;-0.00013921
5.499;0.0016125;0.00046874;-7.6077e-05;0.013544;0;0;0;0;0;0;0;0;0;0;0;0;0;0.00025437;-7.0681e-05;-8.8443e-06;0.00032428;-0.00014059
5.999;0.0018855;0.00052601;-0.0001809;0.01862;0;0;0;0;0;0;0;0;0;0;0;0;0;0.00031923;-0.00010494;-3.3501e-05;0.00039165;-0.00017736
6.499;0.002446;0.00062289;-0.0001233;0.025715;0;0;0;0;0;0;0;0;0;0;0;0;0;0.00040631;-0.00010587;-3.6635e-05;0.00047651;-0.00017607
7;0.0030102;0.00081904;-9.7468e-05;0.03282;0;0;0;0;0;0;0;0;0;0;0;0;0;0.00049944;-0.00010754;-5.648e-05;0.00057225;-0.00018035
7.499;0.0033994;0.00092995;-0.0002578;0.040641;0;0;0;0;0;0;0;0;0;0;0;0;0;0.00055828;-0.00016733;-3.6203e-05;0.00062116;-0.00023022
7.999;0.0039736;0.0012147;-0.00029434;0.049892;0;0;0;0;0;0;0;0;0;0;0;0;0;0.00065941;-0.00019542;-3.577e-05;0.00072016;-0.00025618
8.5;0.004528;0.0012998;-0.00025431;0.059956;0;0;0;0;0;0;0;0;0;0;0;0;0;0.00074944;-0.00023118;-2.5468e-05;0.00080771;-0.00028945
8.999;0.0052233;0.0015005;-0.00045812;0.069943;0;0;0;0;0;0;0;0;0;0;0;0;0;0.00085732;-0.00027957;-2.4319e-05;0.00091638;-0.00033862
9.499;0.0057337;0.0016296;-0.00047978;0.081458;0;0;0;0;0;0;0;0;0;0;0;0;0;0.00096032;-0.00030802;-3.7434e-05;0.0010151;-0.00036284
10;0.006575;0.0018669;-0.00061537;0.092659;0;0;0;0;0;0;0;0;0;0;0;0;0;0.0010954;-0.00035044;-1.9147e-05;0.0011466;-0.00040157
10.5;0.0074878;0.0022005;-0.00056636;0.10435;0;0;0;0;0;0;0;0;0;0;0;0;0;0.0012515;-0.000377;-2.2042e-05;0.001301;-0.00042643
11;0.0083774;0.0023802;-0.0007047;0.11744;0;0;0;0;0;0;0;0;0;0;0;0;0;0.001408;-0.00043605;-2.6405e-05;0.0014545;-0.00048256
11.5;0.0095773;0.002767;-0.00083524;0.1297;0;0;0;0;0;0;0;0;0;0;0;0;0;0.001601;-0.00049648;-2.4369e-05;0.0016454;-0.00054091
11.999;0.010864;0.0031155;-0.00095402;0.14299;0;0;0;0;0;0;0;0;0;0;0;0;0;0.0018154;-0.00060995;-3.4695e-05;0.0018574;-0.00065199
12.5;0.012123;0.0034723;-0.001106;0.15512;0;0;0;0;0;0;0;0;0;0;0;0;0;0.0020144;-0.00071513;-2.8576e-05;0.0020542;-0.00075488
13;0.014263;0.0041711;-0.0014298;0.16787;0;0;0;0;0;0;0;0;0;0;0;0;0;0.0023908;-0.00087346;-2.1579e-05;0.0024261;-0.00090869
13.499;0.016369;0.0047194;-0.0016949;0.17999;0;0;0;0;0;0;0;0;0;0;0;0;0;0.0027269;-0.0010162;-2.467e-05;0.0027583;-0.0010476
13.999;0.018617;0.0054867;-0.0019801;0.18957;0;0;0;0;0;0;0;0;0;0;0;0;0;0.0030913;-0.0011862;-2.6691e-05;0.0031212;-0.0012161
14.5;0.0209;0.0062643;-0.0023295;0.2;0;0;0;0;0;0;0;0;0;0;0;0;0;0.0034716;-0.0013676;-2.0304e-05;0.0035004;-0.0013964
15;0.023204;0.0069266;-0.0026596;0.20934;0;0;0;0;0;0;0;0;0;0;0;0;0;0.0038586;-0.0015526;-2.2769e-05;0.003887;-0.0015809
15.5;0.02556;0.0075173;-0.0029656;0.21699;0;0;0;0;0;0;0;0;0;0;0;0;0;0.0042547;-0.0017241;-2.431e-05;0.0042819;-0.0017513
16;0.027902;0.0083119;-0.0034563;0.22422;0;0;0;0;0;0;0;0;0;0;0;0;0;0.0046394;-0.0019623;-2.9918e-05;0.0046664;-0.0019893
16.499;0.030459;0.0090576;-0.0036978;0.23047;0;0;0;0;0;0;0;0;0;0;0;0;0;0.0050489;-0.0021328;-2.4586e-05;0.0050744;-0.0021582
16.999;0.032874;0.0098236;-0.003953;0.23583;0;0;0;0;0;0;0;0;0;0;0;0;0;0.0054542;-0.00231;-2.5612e-05;0.0054788;-0.0023345
17.499;0.035205;0.010548;-0.0043992;0.2398;0;0;0;0;0;0;0;0;0;0;0;0;0;0.0058501;-0.0025106;-2.3063e-05;0.0058739;-0.0025344
18;0.03786;0.011329;-0.0046611;0.24396;0;0;0;0;0;0;0;0;0;0;0;0;0;0.0062828;-0.0026777;-2.4947e-05;0.0063067;-0.0027016
18.5;0.040376;0.012055;-0.0050079;0.24763;0;0;0;0;0;0;0;0;0;0;0;0;0;0.0066917;-0.0029168;-2.3293e-05;0.006719;-0.0029441
19;0.042413;0.012513;-0.0054181;0.25041;0;0;0;0;0;0;0;0;0;0;0;0;0;0.0070092;-0.0031325;-2.1565e-05;0.0070374;-0.0031606
19.5;0.045519;0.013393;-0.0057;0.25339;0;0;0;0;0;0;0;0;0;0;0;0;0;0.0075155;-0.0033459;-3.9727e-05;0.0075442;-0.0033747
20;0.04788;0.014226;-0.0060326;0.25609;0;0;0;0;0;0;0;0;0;0;0;0;0;0.0079119;-0.0035422;-3.2886e-05;0.0079408;-0.0035711
20.5;0.05056;0.015107;-0.0063672;0.25856;0;0;0;0;0;0;0;0;0;0;0;0;0;0.0083514;-0.0037145;-4.382e-05;0.0083812;-0.0037444
21;0.052825;0.01578;-0.00674;0.26051;0;0;0;0;0;0;0;0;0;0;0;0;0;0.0087345;-0.0039139;-4.3977e-05;0.0087636;-0.003943
21.5;0.055485;0.016444;-0.0071125;0.26267;0;0;0;0;0;0;0;0;0;0;0;0;0;0.0091594;-0.0041125;-3.9364e-05;0.0091889;-0.0041419
22;0.058043;0.017172;-0.0074129;0.26469;0;0;0;0;0;0;0;0;0;0;0;0;0;0.0095829;-0.0042943;-4.5742e-05;0.0096126;-0.004324
22.499;0.060605;0.017924;-0.0077826;0.26644;0;0;0;0;0;0;0;0;0;0;0;0;0;0.0099921;-0.0044854;-4.6533e-05;0.010023;-0.0045162
23;0.062971;0.018646;-0.0080618;0.26827;0;0;0;0;0;0;0;0;0;0;0;0;0;0.010403;-0.0046619;-4.6226e-05;0.010434;-0.0046929
23.499;0.065603;0.019452;-0.0084953;0.27001;0;0;0;0;0;0;0;0;0;0;0;0;0;0.010821;-0.0048467;-4.8319e-05;0.010852;-0.0048781
23.999;0.068232;0.020185;-0.0088065;0.27144;0;0;0;0;0;0;0;0;0;0;0;0;0;0.011234;-0.0050371;-5.1857e-05;0.011267;-0.0050696
24.5;0.070454;0.02081;-0.0091663;0.27307;0;0;0;0;0;0;0;0;0;0;0;0;0;0.011621;-0.0052404;-2.7739e-05;0.011654;-0.0052733
24.999;0.072996;0.021646;-0.0094787;0.27465;0;0;0;0;0;0;0;0;0;0;0;0;0;0.012029;-0.0054057;-3.9064e-05;0.012063;-0.0054394
25.499;0.07546;0.022322;-0.009722;0.27609;0;0;0;0;0;0;0;0;0;0;0;0;0;0.012442;-0.0055776;-4.2603e-05;0.012476;-0.0056114
25.999;0.077933;0.023015;-0.01021;0.27759;0;0;0;0;0;0;0;0;0;0;0;0;0;0.012842;-0.0057845;-4.5564e-05;0.012877;-0.0058189
26.5;0.080474;0.02377;-0.010454;0.27897;0;0;0;0;0;0;0;0;0;0;0;0;0;0.013249;-0.0059617;-4.3078e-05;0.013284;-0.0059965
26.999;0.082826;0.024505;-0.010803;0.28042;0;0;0;0;0;0;0;0;0;0;0;0;0;0.01364;-0.006142;-4.3887e-05;0.013675;-0.0061773
27.5;0.085439;0.025203;-0.011136;0.28172;0;0;0;0;0;0;0;0;0;0;0;0;0;0.014051;-0.0063101;-4.2374e-05;0.014087;-0.0063462
27.999;0.087797;0.02603;-0.0114;0.28312;0;0;0;0;0;0;0;0;0;0;0;0;0;0.01445;-0.0064878;-4.1334e-05;0.014486;-0.0065243
28.499;0.090209;0.026729;-0.011741;0.28447;0;0;0;0;0;0;0;0;0;0;0;0;0;0.014832;-0.0066914;-5.1656e-05;0.014869;-0.0067284
29;0.092791;0.027452;-0.012068;0.28561;0;0;0;0;0;0;0;0;0;0;0;0;0;0.015245;-0.0068617;-4.0696e-05;0.015283;-0.0068997
29.5;0.095273;0.028145;-0.012448;0.28693;0;0;0;0;0;0;0;0;0;0;0;0;0;0.015651;-0.0070379;-4.0226e-05;0.01569;-0.0070771
30;0.097765;0.028795;-0.012713;0.28822;0;0;0;0;0;0;0;0;0;0;0;0;0;0.016058;-0.0072042;-3.261e-05;0.016098;-0.0072437
30.499;0.10018;0.02958;-0.013098;0.28938;0;0;0;0;0;0;0;0;0;0;0;0;0;0.016453;-0.0074021;-4.1532e-05;0.016493;-0.0074419
30.999;0.10257;0.030291;-0.013355;0.29052;0;0;0;0;0;0;0;0;0;0;0;0;0;0.016857;-0.007577;-3.8689e-05;0.016897;-0.0076172
31.499;0.10505;0.030965;-0.01378;0.29174;0;0;0;0;0;0;0;0;0;0;0;0;0;0.017252;-0.0077823;-5.5469e-05;0.017293;-0.0078232
32;0.10742;0.03164;-0.013974;0.29293;0;0;0;0;0;0;0;0;0;0;0;0;0;0.017653;-0.0079387;-5.1526e-05;0.017694;-0.0079801
32.499;0.10982;0.032356;-0.014372;0.29402;0;0;0;0;0;0;0;0;0;0;0;0;0;0.018043;-0.0081478;-3.2693e-05;0.018085;-0.0081895
32.999;0.11233;0.033164;-0.01471;0.29518;0;0;0;0;0;0;0;0;0;0;0;0;0;0.018452;-0.0083099;-3.7339e-05;0.018494;-0.0083525
33.499;0.11489;0.03392;-0.01505;0.2962;0;0;0;0;0;0;0;0;0;0;0;0;0;0.01887;-0.0084537;-4.4064e-05;0.018912;-0.0084961
33.999;0.1174;0.034748;-0.015335;0.29723;0;0;0;0;0;0;0;0;0;0;0;0;0;0.019281;-0.0086377;-2.7782e-05;0.019324;-0.0086807
34.499;0.11976;0.035447;-0.01582;0.29832;0;0;0;0;0;0;0;0;0;0;0;0;0;0.019668;-0.0088626;-4.8453e-05;0.019712;-0.008906
35;0.12231;0.036176;-0.015972;0.2994;0;0;0;0;0;0;0;0;0;0;0;0;0;0.020077;-0.0089955;-2.4713e-05;0.020121;-0.00904
35.5;0.12474;0.036946;-0.016339;0.30047;0;0;0;0;0;0;0;0;0;0;0;0;0;0.020482;-0.0092012;-3.6159e-05;0.020527;-0.009246
35.999;0.12738;0.037609;-0.01675;0.30134;0;0;0;0;0;0;0;0;0;0;0;0;0;0.0209;-0.0093897;-3.7537e-05;0.020945;-0.0094353
36.499;0.12988;0.038285;-0.017128;0.30236;0;0;0;0;0;0;0;0;0;0;0;0;0;0.021293;-0.0096061;-3.6257e-05;0.02134;-0.0096526
36.999;0.1324;0.039112;-0.017367;0.30337;0;0;0;0;0;0;0;0;0;0;0;0;0;0.021698;-0.0097478;-3.7108e-05;0.021745;-0.0097944
37.5;0.13495;0.039839;-0.017665;0.30428;0;0;0;0;0;0;0;0;0;0;0;0;0;0.022105;-0.0099206;-3.2886e-05;0.022153;-0.0099684
38;0.13737;0.040603;-0.017968;0.30526;0;0;0;0;0;0;0;0;0;0;0;0;0;0.022488;-0.010117;-3.9645e-05;0.022536;-0.010164
38.499;0.13989;0.041326;-0.0184;0.30622;0;0;0;0;0;0;0;0;0;0;0;0;0;0.022913;-0.010296;-3.0227e-05;0.022962;-0.010346
39;0.14241;0.042143;-0.018587;0.30709;0;0;0;0;0;0;0;0;0;0;0;0;0;0.023311;-0.010458;-4.7131e-05;0.023362;-0.010508
39.499;0.14485;0.042794;-0.019018;0.30795;0;0;0;0;0;0;0;0;0;0;0;0;0;0.023711;-0.010688;-4.8515e-05;0.023762;-0.010739
39.999;0.14758;0.043676;-0.019412;0.30886;0;0;0;0;0;0;0;0;0;0;0;0;0;0.02413;-0.010871;-3.5091e-05;0.024181;-0.010922
40.5;0.14984;0.044346;-0.019624;0.30975;0;0;0;0;0;0;0;0;0;0;0;0;0;0.024529;-0.011015;-3.3256e-05;0.02458;-0.011066
40.999;0.15234;0.045092;-0.020005;0.31049;0;0;0;0;0;0;0;0;0;0;0;0;0;0.024936;-0.011196;-2.3442e-05;0.024987;-0.011247
41.5;0.15485;0.045803;-0.02032;0.31138;0;0;0;0;0;0;0;0;0;0;0;0;0;0.02533;-0.011404;-3.1745e-05;0.025382;-0.011456
41.999;0.15729;0.046525;-0.020528;0.31223;0;0;0;0;0;0;0;0;0;0;0;0;0;0.025726;-0.011501;-9.1864e-05;0.025779;-0.011554
42.5;0.15962;0.047195;-0.020924;0.313;0;0;0;0;0;0;0;0;0;0;0;0;0;0.026103;-0.01179;-1.6948e-05;0.026156;-0.011844
43;0.16242;0.047989;-0.021347;0.31383;0;0;0;0;0;0;0;0;0;0;0;0;0;0.026553;-0.011939;-2.1286e-05;0.026607;-0.011993
43.499;0.16503;0.048808;-0.02159;0.31465;0;0;0;0;0;0;0;0;0;0;0;0;0;0.02696;-0.01213;-1.9668e-05;0.027015;-0.012185
44;0.16764;0.049629;-0.02196;0.31533;0;0;0;0;0;0;0;0;0;0;0;0;0;0.027382;-0.012326;-2.0261e-05;0.027437;-0.012382
44.499;0.17008;0.050363;-0.022203;0.31615;0;0;0;0;0;0;0;0;0;0;0;0;0;0.027788;-0.0125;-1.5795e-05;0.027844;-0.012556
44.999;0.17264;0.051197;-0.022679;0.31694;0;0;0;0;0;0;0;0;0;0;0;0;0;0.028191;-0.012693;-1.8695e-05;0.028247;-0.012749
45.499;0.17526;0.051894;-0.022952;0.31773;0;0;0;0;0;0;0;0;0;0;0;0;0;0.028615;-0.012854;-2.9941e-05;0.028672;-0.012911
46;0.17761;0.052537;-0.02334;0.31838;0;0;0;0;0;0;0;0;0;0;0;0;0;0.028983;-0.013056;-2.3029e-05;0.02904;-0.013113
46.5;0.18047;0.053424;-0.023659;0.31916;0;0;0;0;0;0;0;0;0;0;0;0;0;0.029432;-0.013232;-1.1051e-05;0.02949;-0.01329
47;0.18298;0.054177;-0.023982;0.31991;0;0;0;0;0;0;0;0;0;0;0;0;0;0.029842;-0.013405;-4.1968e-06;0.0299;-0.013463
47.5;0.18561;0.054895;-0.02433;0.3206;0;0;0;0;0;0;0;0;0;0;0;0;0;0.030266;-0.013611;9.9115e-06;0.030324;-0.013669
47.999;0.18816;0.055737;-0.024765;0.32133;0;0;0;0;0;0;0;0;0;0;0;0;0;0.030668;-0.013802;5.0998e-06;0.030727;-0.013862
48.5;0.19072;0.056428;-0.025048;0.322;0;0;0;0;0;0;0;0;0;0;0;0;0;0.031087;-0.013959;-4.0646e-06;0.031146;-0.014018
48.999;0.19333;0.057212;-0.025369;0.32271;0;0;0;0;0;0;0;0;0;0;0;0;0;0.031476;-0.014129;-6.2711e-06;0.031537;-0.014189
49.5;0.19592;0.058077;-0.02563;0.32336;0;0;0;0;0;0;0;0;0;0;0;0;0;0.03191;-0.014319;-2.321e-06;0.03197;-0.014379
49.999;0.19835;0.05874;-0.025946;0.32401;0;0;0;0;0;0;0;0;0;0;0;0;0;0.032292;-0.014505;8.7327e-06;0.032352;-0.014566
50.5;0.20096;0.059576;-0.026233;0.32468;0;0;0;0;0;0;0;0;0;0;0;0;0;0.032725;-0.014686;-9.6435e-07;0.032786;-0.014748
51;0.20372;0.060495;-0.026619;0.32542;0;0;0;0;0;0;0;0;0;0;0;0;0;0.033166;-0.014875;8.5027e-06;0.033227;-0.014936
51.499;0.20616;0.061064;-0.026958;0.32599;0;0;0;0;0;0;0;0;0;0;0;0;0;0.033529;-0.015052;-1.7976e-05;0.033591;-0.015113
52;0.20855;0.061892;-0.027275;0.32659;0;0;0;0;0;0;0;0;0;0;0;0;0;0.033931;-0.015234;2.7825e-06;0.033993;-0.015296
52.499;0.2112;0.062673;-0.027727;0.32723;0;0;0;0;0;0;0;0;0;0;0;0;0;0.034348;-0.015469;5.5803e-05;0.034411;-0.015531
53;0.21365;0.063315;-0.027957;0.32783;0;0;0;0;0;0;0;0;0;0;0;0;0;0.034737;-0.01561;1.7208e-05;0.0348;-0.015673
53.5;0.21644;0.06417;-0.028312;0.32847;0;0;0;0;0;0;0;0;0;0;0;0;0;0.035163;-0.015796;-9.1634e-06;0.035227;-0.015859
54;0.21891;0.064896;-0.028521;0.32908;0;0;0;0;0;0;0;0;0;0;0;0;0;0.035562;-0.015943;1.1255e-05;0.035626;-0.016007
54.499;0.22149;0.065691;-0.02884;0.32969;0;0;0;0;0;0;0;0;0;0;0;0;0;0.035972;-0.016137;1.7826e-05;0.036036;-0.016201
54.999;0.22423;0.066451;-0.029148;0.33019;0;0;0;0;0;0;0;0;0;0;0;0;0;0.036394;-0.016331;1.3787e-05;0.036458;-0.016395
55.499;0.22673;0.067259;-0.029521;0.33079;0;0;0;0;0;0;0;0;0;0;0;0;0;0.036801;-0.0165;1.7362e-05;0.036866;-0.016564
56;0.22948;0.068029;-0.029751;0.33138;0;0;0;0;0;0;0;0;0;0;0;0;0;0.037225;-0.016692;2.2465e-05;0.037289;-0.016757
56.5;0.23188;0.06883;-0.030068;0.33191;0;0;0;0;0;0;0;0;0;0;0;0;0;0.037626;-0.016867;1.9902e-05;0.037691;-0.016933
57;0.23447;0.069494;-0.03043;0.33244;0;0;0;0;0;0;0;0;0;0;0;0;0;0.038015;-0.017057;1.3734e-05;0.03808;-0.017122
57.5;0.23708;0.070427;-0.030745;0.33299;0;0;0;0;0;0;0;0;0;0;0;0;0;0.038443;-0.017248;2.0017e-05;0.038509;-0.017314
58;0.23961;0.071247;-0.031156;0.33356;0;0;0;0;0;0;0;0;0;0;0;0;0;0.038844;-0.01743;2.0511e-05;0.038909;-0.017496
58.5;0.24216;0.071934;-0.031436;0.33406;0;0;0;0;0;0;0;0;0;0;0;0;0;0.039242;-0.017619;1.6552e-05;0.039308;-0.017686
58.999;0.24492;0.072745;-0.031801;0.3346;0;0;0;0;0;0;0;0;0;0;0;0;0;0.039667;-0.017806;2.6657e-05;0.039733;-0.017872
59.499;0.24748;0.073545;-0.031961;0.33513;0;0;0;0;0;0;0;0;0;0;0;0;0;0.040066;-0.017966;1.7344e-05;0.040132;-0.018032
59.999;0.25019;0.07438;-0.032338;0.33557;0;0;0;0;0;0;0;0;0;0;0;0;0;0.040501;-0.018146;3.2971e-05;0.040567;-0.018213
60.499;0.25275;0.075141;-0.032615;0.3361;0;0;0;0;0;0;0;0;0;0;0;0;0;0.040915;-0.018332;3.0145e-05;0.040982;-0.018399
61;0.2552;0.075915;-0.033035;0.33662;0;0;0;0;0;0;0;0;0;0;0;0;0;0.041302;-0.018508;2.033e-05;0.041369;-0.018575
61.499;0.25774;0.076654;-0.033236;0.33713;0;0;0;0;0;0;0;0;0;0;0;0;0;0.041705;-0.018697;3.0208e-05;0.041772;-0.018764
62;0.26052;0.077463;-0.033679;0.33756;0;0;0;0;0;0;0;0;0;0;0;0;0;0.042142;-0.018876;2.7423e-05;0.04221;-0.018944
62.5;0.26307;0.078265;-0.033966;0.33807;0;0;0;0;0;0;0;0;0;0;0;0;0;0.042543;-0.019078;2.6663e-05;0.042611;-0.019146
63;0.26568;0.079031;-0.034257;0.33858;0;0;0;0;0;0;0;0;0;0;0;0;0;0.042964;-0.019232;3.9243e-05;0.043032;-0.0193
63.499;0.2683;0.079818;-0.034747;0.33905;0;0;0;0;0;0;0;0;0;0;0;0;0;0.043359;-0.019471;3.8006e-06;0.043427;-0.019539
64;0.27095;0.080629;-0.034916;0.33951;0;0;0;0;0;0;0;0;0;0;0;0;0;0.043769;-0.019613;2.198e-05;0.043837;-0.019682
64.5;0.2737;0.081449;-0.035311;0.34004;0;0;0;0;0;0;0;0;0;0;0;0;0;0.044189;-0.019791;4.8576e-05;0.044258;-0.01986
64.999;0.27629;0.082141;-0.035525;0.34045;0;0;0;0;0;0;0;0;0;0;0;0;0;0.044598;-0.019973;3.7132e-05;0.044668;-0.020042
65.499;0.279;0.083028;-0.035911;0.34093;0;0;0;0;0;0;0;0;0;0;0;0;0;0.045032;-0.020141;2.8699e-05;0.045101;-0.02021
65.999;0.28175;0.083855;-0.036212;0.3414;0;0;0;0;0;0;0;0;0;0;0;0;0;0.04545;-0.020346;3.7927e-05;0.04552;-0.020416
66.499;0.28435;0.084578;-0.036587;0.34187;0;0;0;0;0;0;0;0;0;0;0;0;0;0.045852;-0.020545;3.5598e-05;0.045921;-0.020615
66.999;0.28687;0.085362;-0.036854;0.34226;0;0;0;0;0;0;0;0;0;0;0;0;0;0.046257;-0.020711;4.0611e-05;0.046327;-0.020782
67.499;0.28961;0.086313;-0.037212;0.34272;0;0;0;0;0;0;0;0;0;0;0;0;0;0.046686;-0.020903;4.5902e-05;0.046757;-0.020974
68;0.29235;0.08706;-0.037483;0.34317;0;0;0;0;0;0;0;0;0;0;0;0;0;0.047105;-0.021087;5.3374e-05;0.047175;-0.021158
68.499;0.29486;0.087743;-0.037879;0.34358;0;0;0;0;0;0;0;0;0;0;0;0;0;0.047497;-0.021259;4.4977e-05;0.047568;-0.02133
68.999;0.29753;0.088618;-0.038115;0.34401;0;0;0;0;0;0;0;0;0;0;0;0;0;0.047912;-0.021441;5.1336e-05;0.047983;-0.021512
69.499;0.30018;0.089441;-0.038393;0.3444;0;0;0;0;0;0;0;0;0;0;0;0;0;0.048321;-0.021628;4.6923e-05;0.048392;-0.021699
69.999;0.30271;0.090252;-0.038764;0.34482;0;0;0;0;0;0;0;0;0;0;0;0;0;0.048724;-0.021818;4.4245e-05;0.048795;-0.021889
70.5;0.3056;0.091047;-0.039095;0.34521;0;0;0;0;0;0;0;0;0;0;0;0;0;0.04918;-0.02198;5.3289e-05;0.049251;-0.022052
70.999;0.30811;0.09184;-0.039348;0.34563;0;0;0;0;0;0;0;0;0;0;0;0;0;0.049551;-0.022135;5.3149e-05;0.049623;-0.022206
71.5;0.31056;0.092562;-0.039827;0.346;0;0;0;0;0;0;0;0;0;0;0;0;0;0.049936;-0.022388;3.5165e-05;0.050007;-0.02246
72;0.31304;0.093314;-0.040044;0.34637;0;0;0;0;0;0;0;0;0;0;0;0;0;0.050331;-0.022517;3.3206e-05;0.050403;-0.022589
72.5;0.31592;0.09434;-0.040332;0.34678;0;0;0;0;0;0;0;0;0;0;0;0;0;0.050772;-0.02272;5.0406e-05;0.050845;-0.022793
72.999;0.3185;0.094998;-0.040639;0.34718;0;0;0;0;0;0;0;0;0;0;0;0;0;0.051167;-0.022889;5.296e-05;0.051239;-0.022962
73.499;0.32063;0.095529;-0.040983;0.34755;0;0;0;0;0;0;0;0;0;0;0;0;0;0.051499;-0.023061;0.00011652;0.051572;-0.023134
74;0.32388;0.096605;-0.041271;0.34793;0;0;0;0;0;0;0;0;0;0;0;0;0;0.052009;-0.023259;6.0046e-05;0.052082;-0.023332
74.5;0.32647;0.097455;-0.041629;0.34831;0;0;0;0;0;0;0;0;0;0;0;0;0;0.052416;-0.023437;5.0827e-05;0.05249;-0.023511
75;0.32924;0.098219;-0.042019;0.34864;0;0;0;0;0;0;0;0;0;0;0;0;0;0.052848;-0.023647;5.0264e-05;0.052922;-0.023721
75.499;0.3318;0.099106;-0.042281;0.34902;0;0;0;0;0;0;0;0;0;0;0;0;0;0.053237;-0.023819;5.9927e-05;0.053311;-0.023893
75.999;0.33445;0.099766;-0.042587;0.34939;0;0;0;0;0;0;0;0;0;0;0;0;0;0.053651;-0.023994;5.5411e-05;0.053725;-0.024068
76.499;0.33713;0.10077;-0.04295;0.34975;0;0;0;0;0;0;0;0;0;0;0;0;0;0.054072;-0.024179;5.7325e-05;0.054147;-0.024253
76.999;0.33981;0.10149;-0.043305;0.3501;0;0;0;0;0;0;0;0;0;0;0;0;0;0.054488;-0.024378;6.7125e-05;0.054563;-0.024453
77.499;0.3428;0.10235;-0.043509;0.35042;0;0;0;0;0;0;0;0;0;0;0;0;0;0.054954;-0.024546;8.267e-05;0.055029;-0.024621
78;0.34527;0.10308;-0.04393;0.35079;0;0;0;0;0;0;0;0;0;0;0;0;0;0.055327;-0.02473;7.4293e-05;0.055403;-0.024806
78.5;0.34781;0.10382;-0.044172;0.35112;0;0;0;0;0;0;0;0;0;0;0;0;0;0.055724;-0.024916;6.9077e-05;0.055799;-0.024992
79;0.35051;0.10459;-0.044456;0.35145;0;0;0;0;0;0;0;0;0;0;0;0;0;0.056129;-0.025105;7.4011e-05;0.056205;-0.025181
79.499;0.35316;0.10547;-0.044781;0.35179;0;0;0;0;0;0;0;0;0;0;0;0;0;0.056551;-0.025285;7.183e-05;0.056627;-0.025361
79.999;0.35584;0.10629;-0.045156;0.35213;0;0;0;0;0;0;0;0;0;0;0;0;0;0.05697;-0.025465;7.1412e-05;0.057046;-0.025542
80.499;0.35846;0.1071;-0.045457;0.35245;0;0;0;0;0;0;0;0;0;0;0;0;0;0.057372;-0.025652;6.6357e-05;0.057449;-0.025729
81;0.36116;0.10789;-0.045779;0.35277;0;0;0;0;0;0;0;0;0;0;0;0;0;0.057777;-0.025817;8.7186e-05;0.057854;-0.025894
81.499;0.36373;0.10864;-0.046037;0.3531;0;0;0;0;0;0;0;0;0;0;0;0;0;0.058175;-0.026004;8.2065e-05;0.058251;-0.02608
82;0.36646;0.10943;-0.046376;0.35341;0;0;0;0;0;0;0;0;0;0;0;0;0;0.058592;-0.026168;6.0877e-05;0.058669;-0.026245
82.5;0.36905;0.11025;-0.046754;0.3537;0;0;0;0;0;0;0;0;0;0;0;0;0;0.058999;-0.026373;8.6443e-05;0.059077;-0.026451
83;0.37175;0.11107;-0.046944;0.35403;0;0;0;0;0;0;0;0;0;0;0;0;0;0.059425;-0.026562;8.7185e-05;0.059503;-0.026639
83.499;0.37421;0.11187;-0.047451;0.35433;0;0;0;0;0;0;0;0;0;0;0;0;0;0.0598;-0.026782;9.7121e-05;0.059879;-0.02686
83.999;0.3771;0.11277;-0.047598;0.35465;0;0;0;0;0;0;0;0;0;0;0;0;0;0.060247;-0.026925;9.3951e-05;0.060325;-0.027003
84.499;0.3796;0.11343;-0.048036;0.35495;0;0;0;0;0;0;0;0;0;0;0;0;0;0.060616;-0.027111;9.8512e-05;0.060694;-0.027189
84.999;0.38187;0.11421;-0.048365;0.35527;0;0;0;0;0;0;0;0;0;0;0;0;0;0.060983;-0.027325;0.00010459;0.061062;-0.027404
85.5;0.38502;0.11514;-0.048661;0.35558;0;0;0;0;0;0;0;0;0;0;0;0;0;0.061472;-0.027476;8.6542e-05;0.061551;-0.027555
85.999;0.388;0.11594;-0.048852;0.35584;0;0;0;0;0;0;0;0;0;0;0;0;0;0.061922;-0.027637;0.00010857;0.062001;-0.027716
86.5;0.39045;0.11676;-0.049218;0.35616;0;0;0;0;0;0;0;0;0;0;0;0;0;0.062294;-0.027849;0.00010572;0.062373;-0.027928
87;0.39305;0.11746;-0.049463;0.35644;0;0;0;0;0;0;0;0;0;0;0;0;0;0.062708;-0.028003;0.00011461;0.062787;-0.028083
87.499;0.39585;0.1182;-0.049843;0.35671;0;0;0;0;0;0;0;0;0;0;0;0;0;0.063142;-0.028206;0.00010671;0.063221;-0.028285
88;0.39813;0.11907;-0.050064;0.35697;0;0;0;0;0;0;0;0;0;0;0;0;0;0.063507;-0.028397;0.00012391;0.063586;-0.028476
88.5;0.40102;0.11988;-0.050433;0.35728;0;0;0;0;0;0;0;0;0;0;0;0;0;0.063949;-0.028579;0.00010815;0.064028;-0.028658
88.999;0.40346;0.12069;-0.050863;0.3575;0;0;0;0;0;0;0;0;0;0;0;0;0;0.064336;-0.028793;0.00010368;0.064416;-0.028873
89.5;0.40632;0.12159;-0.051108;0.35779;0;0;0;0;0;0;0;0;0;0;0;0;0;0.064776;-0.028966;0.00011818;0.064857;-0.029047
90;0.40896;0.1224;-0.051417;0.35805;0;0;0;0;0;0;0;0;0;0;0;0;0;0.065195;-0.029122;0.00011338;0.065276;-0.029203
90.499;0.41165;0.12321;-0.051693;0.35832;0;0;0;0;0;0;0;0;0;0;0;0;0;0.065617;-0.029329;0.00010951;0.065698;-0.02941
90.999;0.41418;0.12395;-0.05206;0.35857;0;0;0;0;0;0;0;0;0;0;0;0;0;0.066008;-0.029499;0.00010122;0.066089;-0.029581
91.499;0.4168;0.12487;-0.05222;0.35885;0;0;0;0;0;0;0;0;0;0;0;0;0;0.066418;-0.029677;0.00010538;0.0665;-0.029759
91.999;0.41937;0.12562;-0.052639;0.35909;0;0;0;0;0;0;0;0;0;0;0;0;0;0.066811;-0.029905;0.00013419;0.066893;-0.029987
92.5;0.42266;0.12655;-0.052931;0.35935;0;0;0;0;0;0;0;0;0;0;0;0;0;0.067308;-0.030058;0.0001213;0.067389;-0.03014
92.999;0.42508;0.12732;-0.053254;0.35961;0;0;0;0;0;0;0;0;0;0;0;0;0;0.06769;-0.030217;0.0001009;0.067772;-0.030299
93.499;0.42769;0.128;-0.053572;0.35988;0;0;0;0;0;0;0;0;0;0;0;0;0;0.06808;-0.030427;0.00012522;0.068162;-0.030509
93.999;0.43035;0.12894;-0.053822;0.36014;0;0;0;0;0;0;0;0;0;0;0;0;0;0.068503;-0.030588;0.00012021;0.068585;-0.030671
94.499;0.43322;0.12985;-0.054049;0.36041;0;0;0;0;0;0;0;0;0;0;0;0;0;0.068938;-0.030741;0.00015549;0.069021;-0.030824
94.999;0.43581;0.13065;-0.054535;0.36067;0;0;0;0;0;0;0;0;0;0;0;0;0;0.069345;-0.030968;0.00014387;0.069428;-0.031051
95.5;0.43828;0.13143;-0.054855;0.36093;0;0;0;0;0;0;0;0;0;0;0;0;0;0.06972;-0.031138;0.00012867;0.069804;-0.031221
95.999;0.44095;0.13224;-0.055298;0.36114;0;0;0;0;0;0;0;0;0;0;0;0;0;0.070138;-0.031357;0.00013195;0.070221;-0.03144
96.499;0.44368;0.13313;-0.055548;0.36139;0;0;0;0;0;0;0;0;0;0;0;0;0;0.070555;-0.031503;0.00012643;0.070639;-0.031588
96.999;0.4465;0.13387;-0.055851;0.36164;0;0;0;0;0;0;0;0;0;0;0;0;0;0.07098;-0.031694;0.00014171;0.071065;-0.031779
97.499;0.44942;0.13483;-0.056237;0.36187;0;0;0;0;0;0;0;0;0;0;0;0;0;0.071424;-0.031871;0.00013157;0.071509;-0.031956
97.999;0.45182;0.13558;-0.056538;0.3621;0;0;0;0;0;0;0;0;0;0;0;0;0;0.071791;-0.03205;0.00012322;0.071876;-0.032135
98.499;0.45458;0.13637;-0.056906;0.36236;0;0;0;0;0;0;0;0;0;0;0;0;0;0.072209;-0.032246;0.00013313;0.072294;-0.032332
98.999;0.45801;0.13754;-0.057136;0.3626;0;0;0;0;0;0;0;0;0;0;0;0;0;0.072731;-0.032382;0.00015384;0.072817;-0.032467
99.499;0.46024;0.13822;-0.057505;0.36281;0;0;0;0;0;0;0;0;0;0;0;0;0;0.073067;-0.032588;0.00012076;0.073153;-0.032674
99.999;0.46252;0.13889;-0.057827;0.36304;0;0;0;0;0;0;0;0;0;0;0;0;0;0.073428;-0.032795;0.00011771;0.073514;-0.032881
100.5;0.46536;0.13971;-0.058163;0.36327;0;0;0;0;0;0;0;0;0;0;0;0;0;0.073841;-0.03296;0.00012247;0.073927;-0.033046
101;0.46822;0.14057;-0.058452;0.36349;0;0;0;0;0;0;0;0;0;0;0;0;0;0.074277;-0.033135;0.00013186;0.074363;-0.033222
101.5;0.47088;0.14138;-0.058847;0.36368;0;0;0;0;0;0;0;0;0;0;0;0;0;0.074693;-0.033346;0.00012799;0.074779;-0.033432
102;0.47361;0.14231;-0.059131;0.3639;0;0;0;0;0;0;0;0;0;0;0;0;0;0.075104;-0.033509;0.00013834;0.07519;-0.033596
102.5;0.47629;0.14306;-0.059405;0.3641;0;0;0;0;0;0;0;0;0;0;0;0;0;0.07551;-0.033688;0.00013975;0.075597;-0.033775
103;0.4791;0.14401;-0.059762;0.36431;0;0;0;0;0;0;0;0;0;0;0;0;0;0.075944;-0.033868;0.00014195;0.076031;-0.033955
103.5;0.48176;0.14476;-0.060089;0.36448;0;0;0;0;0;0;0;0;0;0;0;0;0;0.076358;-0.034053;0.00014469;0.076445;-0.03414
104;0.48478;0.14577;-0.060438;0.3647;0;0;0;0;0;0;0;0;0;0;0;0;0;0.076792;-0.034229;0.00016489;0.07688;-0.034316
104.5;0.48721;0.14643;-0.060693;0.36489;0;0;0;0;0;0;0;0;0;0;0;0;0;0.07717;-0.034437;0.00014488;0.077257;-0.034524
105;0.48999;0.14732;-0.061124;0.36509;0;0;0;0;0;0;0;0;0;0;0;0;0;0.077584;-0.034611;0.00014649;0.077672;-0.034699
105.5;0.49282;0.14812;-0.061404;0.36528;0;0;0;0;0;0;0;0;0;0;0;0;0;0.078016;-0.034788;0.00014242;0.078104;-0.034876
106;0.49548;0.14912;-0.061765;0.36546;0;0;0;0;0;0;0;0;0;0;0;0;0;0.078421;-0.03497;0.00015568;0.07851;-0.035058
106.5;0.4981;0.14976;-0.062125;0.36564;0;0;0;0;0;0;0;0;0;0;0;0;0;0.07882;-0.03514;0.00013601;0.078908;-0.035228
107;0.50094;0.15064;-0.062443;0.36579;0;0;0;0;0;0;0;0;0;0;0;0;0;0.079242;-0.035332;0.00015952;0.079331;-0.035421
107.5;0.50351;0.15145;-0.06286;0.36599;0;0;0;0;0;0;0;0;0;0;0;0;0;0.079643;-0.035526;0.00014946;0.079732;-0.035615
108;0.50634;0.1524;-0.063138;0.3662;0;0;0;0;0;0;0;0;0;0;0;0;0;0.080087;-0.035683;0.00016807;0.080176;-0.035772
108.5;0.50942;0.15336;-0.063457;0.36637;0;0;0;0;0;0;0;0;0;0;0;0;0;0.080532;-0.035857;0.00016962;0.080621;-0.035946
109;0.51205;0.15405;-0.063788;0.36656;0;0;0;0;0;0;0;0;0;0;0;0;0;0.080923;-0.03604;0.00017179;0.081012;-0.03613
109.5;0.51466;0.15493;-0.064226;0.36676;0;0;0;0;0;0;0;0;0;0;0;0;0;0.081324;-0.036244;0.00017444;0.081413;-0.036333
110;0.51748;0.15578;-0.064484;0.36695;0;0;0;0;0;0;0;0;0;0;0;0;0;0.08175;-0.036414;0.00017521;0.081839;-0.036503
110.5;0.52026;0.15664;-0.064902;0.36711;0;0;0;0;0;0;0;0;0;0;0;0;0;0.082166;-0.036611;0.00017161;0.082256;-0.036701
111;0.52287;0.15738;-0.065249;0.3673;0;0;0;0;0;0;0;0;0;0;0;0;0;0.082552;-0.036806;0.00017528;0.082642;-0.036895
111.5;0.52535;0.15819;-0.065549;0.36747;0;0;0;0;0;0;0;0;0;0;0;0;0;0.082925;-0.036995;0.00021814;0.083015;-0.037085
112;0.52855;0.15916;-0.065959;0.36764;0;0;0;0;0;0;0;0;0;0;0;0;0;0.083402;-0.03718;0.00019134;0.083493;-0.03727
112.5;0.53137;0.16002;-0.066242;0.36779;0;0;0;0;0;0;0;0;0;0;0;0;0;0.083822;-0.037353;0.00017916;0.083913;-0.037443
113;0.53423;0.16084;-0.066492;0.36798;0;0;0;0;0;0;0;0;0;0;0;0;0;0.084247;-0.037518;0.00018691;0.084338;-0.037609
113.5;0.53656;0.1616;-0.066778;0.36814;0;0;0;0;0;0;0;0;0;0;0;0;0;0.084621;-0.037701;0.00019605;0.084712;-0.037792
114;0.5398;0.16255;-0.06714;0.3683;0;0;0;0;0;0;0;0;0;0;0;0;0;0.0851;-0.037901;0.0001922;0.085192;-0.037992
114.5;0.54251;0.1634;-0.067431;0.36849;0;0;0;0;0;0;0;0;0;0;0;0;0;0.085499;-0.038065;0.00019793;0.085591;-0.038157
115;0.54555;0.1643;-0.067809;0.36867;0;0;0;0;0;0;0;0;0;0;0;0;0;0.085931;-0.038252;0.00019537;0.086022;-0.038343
115.5;0.54787;0.165;-0.068137;0.36883;0;0;0;0;0;0;0;0;0;0;0;0;0;0.086295;-0.038455;0.00018972;0.086386;-0.038546
116;0.55054;0.16582;-0.0685;0.369;0;0;0;0;0;0;0;0;0;0;0;0;0;0.086707;-0.038668;0.00018227;0.086799;-0.038759
116.5;0.55359;0.16674;-0.068717;0.36917;0;0;0;0;0;0;0;0;0;0;0;0;0;0.087162;-0.038795;0.00020823;0.087253;-0.038887
117;0.5566;0.16767;-0.069057;0.36934;0;0;0;0;0;0;0;0;0;0;0;0;0;0.087602;-0.038973;0.00020707;0.087694;-0.039065
117.5;0.55939;0.16848;-0.069318;0.36948;0;0;0;0;0;0;0;0;0;0;0;0;0;0.088012;-0.039158;0.00020324;0.088103;-0.03925
118;0.56208;0.16936;-0.069626;0.36964;0;0;0;0;0;0;0;0;0;0;0;0;0;0.088423;-0.039333;0.00019929;0.088515;-0.039425
118.5;0.56489;0.17012;-0.070063;0.36978;0;0;0;0;0;0;0;0;0;0;0;0;0;0.088841;-0.039533;0.00020428;0.088933;-0.039625
119;0.56757;0.1711;-0.070406;0.36991;0;0;0;0;0;0;0;0;0;0;0;0;0;0.089247;-0.039708;0.00020291;0.08934;-0.0398
119.5;0.57031;0.17188;-0.070627;0.37007;0;0;0;0;0;0;0;0;0;0;0;0;0;0.089644;-0.039897;0.00020351;0.089735;-0.039988
120;0.57354;0.17281;-0.07101;0.37022;0;0;0;0;0;0;0;0;0;0;0;0;0;0.090127;-0.040082;0.00020994;0.090219;-0.040174
120.5;0.57634;0.17371;-0.071262;0.37036;0;0;0;0;0;0;0;0;0;0;0;0;0;0.090553;-0.040253;0.0002169;0.090645;-0.040345
121;0.57892;0.1744;-0.071692;0.37051;0;0;0;0;0;0;0;0;0;0;0;0;0;0.090949;-0.040445;0.000222;0.091041;-0.040537
121.5;0.58128;0.17506;-0.072075;0.37065;0;0;0;0;0;0;0;0;0;0;0;0;0;0.091288;-0.040645;0.00019693;0.091381;-0.040737
122;0.58434;0.17609;-0.072306;0.3708;0;0;0;0;0;0;0;0;0;0;0;0;0;0.091731;-0.040817;0.00020785;0.091824;-0.04091
122.5;0.58726;0.17693;-0.072625;0.37093;0;0;0;0;0;0;0;0;0;0;0;0;0;0.092171;-0.04099;0.00021395;0.092264;-0.041083
123;0.58998;0.17784;-0.073086;0.37106;0;0;0;0;0;0;0;0;0;0;0;0;0;0.092585;-0.041164;0.00021846;0.092678;-0.041257
123.5;0.59247;0.17856;-0.073375;0.3712;0;0;0;0;0;0;0;0;0;0;0;0;0;0.092946;-0.041364;0.00023454;0.093039;-0.041457
124;0.59582;0.17957;-0.07375;0.37132;0;0;0;0;0;0;0;0;0;0;0;0;0;0.093453;-0.041535;0.00022027;0.093546;-0.041628
124.5;0.59819;0.18031;-0.074049;0.37147;0;0;0;0;0;0;0;0;0;0;0;0;0;0.09382;-0.041732;0.00022313;0.093913;-0.041826
125;0.60141;0.18122;-0.07447;0.37162;0;0;0;0;0;0;0;0;0;0;0;0;0;0.094288;-0.041914;0.00022777;0.094381;-0.042008
125.5;0.60394;0.18207;-0.074745;0.37174;0;0;0;0;0;0;0;0;0;0;0;0;0;0.094677;-0.042097;0.00022609;0.094771;-0.042191
126;0.6068;0.18295;-0.075061;0.37187;0;0;0;0;0;0;0;0;0;0;0;0;0;0.095095;-0.042265;0.00022327;0.095189;-0.042359
126.5;0.60959;0.18371;-0.075371;0.37202;0;0;0;0;0;0;0;0;0;0;0;0;0;0.095511;-0.042441;0.00022739;0.095605;-0.042535
127;0.61231;0.18463;-0.075657;0.37215;0;0;0;0;0;0;0;0;0;0;0;0;0;0.095918;-0.042625;0.00022152;0.096012;-0.042719
127.5;0.61515;0.18554;-0.075986;0.37226;0;0;0;0;0;0;0;0;0;0;0;0;0;0.096337;-0.04281;0.00023682;0.096432;-0.042904
128;0.61808;0.18633;-0.076303;0.37239;0;0;0;0;0;0;0;0;0;0;0;0;0;0.096763;-0.042995;0.00023612;0.096857;-0.04309
128.5;0.62091;0.18723;-0.076624;0.37253;0;0;0;0;0;0;0;0;0;0;0;0;0;0.097174;-0.043166;0.00022866;0.097269;-0.043261
129;0.62384;0.18809;-0.076985;0.37265;0;0;0;0;0;0;0;0;0;0;0;0;0;0.097593;-0.043348;0.00024363;0.097687;-0.043443
129.5;0.62662;0.18895;-0.077319;0.37276;0;0;0;0;0;0;0;0;0;0;0;0;0;0.098012;-0.043535;0.00024047;0.098106;-0.04363
130;0.62953;0.18972;-0.077534;0.37288;0;0;0;0;0;0;0;0;0;0;0;0;0;0.09844;-0.043706;0.00024927;0.098535;-0.043801
130.5;0.6323;0.19056;-0.077942;0.373;0;0;0;0;0;0;0;0;0;0;0;0;0;0.09885;-0.0439;0.00023472;0.098945;-0.043995
131;0.6351;0.1914;-0.078252;0.3731;0;0;0;0;0;0;0;0;0;0;0;0;0;0.099268;-0.044121;0.00024236;0.099363;-0.044216
131.5;0.63808;0.19223;-0.078522;0.37322;0;0;0;0;0;0;0;0;0;0;0;0;0;0.099699;-0.044269;0.00025041;0.099795;-0.044364
132;0.64086;0.19311;-0.078919;0.37335;0;0;0;0;0;0;0;0;0;0;0;0;0;0.10011;-0.044464;0.00025719;0.10021;-0.044559
132.5;0.64362;0.19394;-0.079224;0.37345;0;0;0;0;0;0;0;0;0;0;0;0;0;0.10052;-0.044629;0.00026577;0.10061;-0.044724
133;0.64661;0.19493;-0.079576;0.37358;0;0;0;0;0;0;0;0;0;0;0;0;0;0.10095;-0.044828;0.00025745;0.10105;-0.044924
133.5;0.64937;0.19572;-0.079866;0.37369;0;0;0;0;0;0;0;0;0;0;0;0;0;0.10137;-0.045008;0.00025857;0.10146;-0.045104
134;0.65224;0.19661;-0.080149;0.3738;0;0;0;0;0;0;0;0;0;0;0;0;0;0.10179;-0.045173;0.00025966;0.10189;-0.045269
134.5;0.65515;0.19739;-0.080466;0.37392;0;0;0;0;0;0;0;0;0;0;0;0;0;0.10221;-0.045359;0.00026483;0.10231;-0.045455
135;0.65814;0.19821;-0.080865;0.37403;0;0;0;0;0;0;0;0;0;0;0;0;0;0.10263;-0.045556;0.00026734;0.10272;-0.045653
135.5;0.66091;0.19906;-0.081181;0.37413;0;0;0;0;0;0;0;0;0;0;0;0;0;0.10305;-0.045738;0.00027192;0.10315;-0.045835
136;0.66368;0.19982;-0.081424;0.37424;0;0;0;0;0;0;0;0;0;0;0;0;0;0.10346;-0.045925;0.00026931;0.10356;-0.046022
136.5;0.66662;0.2009;-0.081844;0.37435;0;0;0;0;0;0;0;0;0;0;0;0;0;0.10389;-0.046119;0.00027127;0.10399;-0.046216
137;0.6695;0.20173;-0.082128;0.37445;0;0;0;0;0;0;0;0;0;0;0;0;0;0.10431;-0.046283;0.00027973;0.10441;-0.046381
137.5;0.67235;0.20251;-0.082415;0.37455;0;0;0;0;0;0;0;0;0;0;0;0;0;0.10472;-0.04647;0.00028236;0.10482;-0.046567
138;0.67529;0.20346;-0.082711;0.37465;0;0;0;0;0;0;0;0;0;0;0;0;0;0.10516;-0.04664;0.00029397;0.10526;-0.046738
138.5;0.67816;0.20432;-0.083019;0.37475;0;0;0;0;0;0;0;0;0;0;0;0;0;0.10558;-0.046834;0.00027442;0.10568;-0.046932
139;0.68101;0.20521;-0.083395;0.37486;0;0;0;0;0;0;0;0;0;0;0;0;0;0.10598;-0.047024;0.00028825;0.10608;-0.047122
139.5;0.68392;0.20595;-0.083714;0.37496;0;0;0;0;0;0;0;0;0;0;0;0;0;0.10641;-0.047209;0.00029443;0.10651;-0.047307
140;0.68666;0.20678;-0.08397;0.37505;0;0;0;0;0;0;0;0;0;0;0;0;0;0.10681;-0.047399;0.00028553;0.10691;-0.047498
140.5;0.68962;0.20768;-0.084368;0.37514;0;0;0;0;0;0;0;0;0;0;0;0;0;0.10725;-0.047572;0.00029373;0.10735;-0.047671
141;0.69238;0.20844;-0.084643;0.37523;0;0;0;0;0;0;0;0;0;0;0;0;0;0.10765;-0.047764;0.00029157;0.10775;-0.047863
141.5;0.69532;0.20926;-0.084936;0.37533;0;0;0;0;0;0;0;0;0;0;0;0;0;0.10807;-0.047941;0.00032227;0.10817;-0.048041
142;0.69828;0.21013;-0.085265;0.37543;0;0;0;0;0;0;0;0;0;0;0;0;0;0.1085;-0.048122;0.0002898;0.1086;-0.048222
142.5;0.70103;0.21106;-0.085622;0.37552;0;0;0;0;0;0;0;0;0;0;0;0;0;0.10893;-0.048313;0.00030416;0.10903;-0.048413
143;0.70404;0.21179;-0.085989;0.3756;0;0;0;0;0;0;0;0;0;0;0;0;0;0.10934;-0.048487;0.00029944;0.10945;-0.048587
143.5;0.70705;0.21273;-0.086323;0.37569;0;0;0;0;0;0;0;0;0;0;0;0;0;0.10977;-0.048679;0.00030361;0.10988;-0.048779
144;0.71;0.21361;-0.08663;0.37578;0;0;0;0;0;0;0;0;0;0;0;0;0;0.1102;-0.048856;0.00030575;0.1103;-0.048957
144.5;0.7127;0.21438;-0.086992;0.37588;0;0;0;0;0;0;0;0;0;0;0;0;0;0.11061;-0.049052;0.00030723;0.11071;-0.049153
145;0.71554;0.21532;-0.087395;0.37597;0;0;0;0;0;0;0;0;0;0;0;0;0;0.11104;-0.049257;0.0003079;0.11114;-0.049358
145.5;0.71858;0.21613;-0.087691;0.37606;0;0;0;0;0;0;0;0;0;0;0;0;0;0.11146;-0.049443;0.00030466;0.11156;-0.049544
146;0.72156;0.217;-0.087991;0.37613;0;0;0;0;0;0;0;0;0;0;0;0;0;0.11188;-0.049607;0.00031406;0.11199;-0.049709
146.5;0.72447;0.21791;-0.088332;0.37622;0;0;0;0;0;0;0;0;0;0;0;0;0;0.11232;-0.049788;0.00031724;0.11242;-0.04989
147;0.72724;0.21876;-0.088546;0.37632;0;0;0;0;0;0;0;0;0;0;0;0;0;0.11274;-0.049951;0.00031845;0.11284;-0.050053
147.5;0.73055;0.21966;-0.089001;0.37639;0;0;0;0;0;0;0;0;0;0;0;0;0;0.1132;-0.05013;0.0003339;0.1133;-0.050232
148;0.73292;0.22032;-0.089283;0.37648;0;0;0;0;0;0;0;0;0;0;0;0;0;0.11355;-0.050355;0.00033075;0.11365;-0.050457
148.5;0.73622;0.22136;-0.089636;0.37656;0;0;0;0;0;0;0;0;0;0;0;0;0;0.11402;-0.050522;0.00034277;0.11412;-0.050625
149;0.73932;0.22228;-0.089899;0.37663;0;0;0;0;0;0;0;0;0;0;0;0;0;0.11447;-0.050677;0.00035426;0.11457;-0.05078
149.5;0.74147;0.22283;-0.090404;0.37671;0;0;0;0;0;0;0;0;0;0;0;0;0;0.11478;-0.050942;0.00028458;0.11488;-0.051044
150;0.74471;0.22381;-0.09057;0.3768;0;0;0;0;0;0;0;0;0;0;0;0;0;0.11525;-0.051086;0.00031462;0.11535;-0.051189
150.5;0.74776;0.22468;-0.090821;0.37687;0;0;0;0;0;0;0;0;0;0;0;0;0;0.11568;-0.051256;0.00032604;0.11579;-0.051359
151;0.75062;0.22558;-0.091175;0.37696;0;0;0;0;0;0;0;0;0;0;0;0;0;0.11611;-0.051452;0.00033725;0.11621;-0.051556
151.5;0.75352;0.22644;-0.091472;0.37703;0;0;0;0;0;0;0;0;0;0;0;0;0;0.11653;-0.051635;0.00032639;0.11663;-0.051739
152;0.75648;0.22726;-0.091775;0.37708;0;0;0;0;0;0;0;0;0;0;0;0;0;0.11695;-0.05181;0.00033755;0.11706;-0.051914
152.5;0.75961;0.22818;-0.092112;0.37715;0;0;0;0;0;0;0;0;0;0;0;0;0;0.1174;-0.052001;0.00032757;0.1175;-0.052105
153;0.76258;0.22914;-0.092383;0.37721;0;0;0;0;0;0;0;0;0;0;0;0;0;0.11784;-0.052158;0.00036914;0.11795;-0.052262
153.5;0.76497;0.22987;-0.092886;0.37729;0;0;0;0;0;0;0;0;0;0;0;0;0;0.11819;-0.052441;0.00028704;0.11829;-0.052545
154;0.76826;0.23082;-0.093001;0.37736;0;0;0;0;0;0;0;0;0;0;0;0;0;0.11866;-0.052551;0.00033916;0.11876;-0.052656
154.5;0.77125;0.23157;-0.09341;0.37743;0;0;0;0;0;0;0;0;0;0;0;0;0;0.11908;-0.052747;0.00034307;0.11918;-0.052852
155;0.7742;0.23252;-0.093698;0.37748;0;0;0;0;0;0;0;0;0;0;0;0;0;0.1195;-0.052931;0.00034868;0.11961;-0.053036
155.5;0.77718;0.23334;-0.093976;0.37754;0;0;0;0;0;0;0;0;0;0;0;0;0;0.11993;-0.053094;0.00034849;0.12003;-0.053199
156;0.78003;0.23425;-0.094366;0.3776;0;0;0;0;0;0;0;0;0;0;0;0;0;0.12035;-0.053318;0.00034841;0.12045;-0.053423
156.5;0.78296;0.23516;-0.094687;0.37768;0;0;0;0;0;0;0;0;0;0;0;0;0;0.12078;-0.053485;0.00035465;0.12088;-0.05359
157;0.78591;0.23597;-0.094921;0.37775;0;0;0;0;0;0;0;0;0;0;0;0;0;0.12121;-0.053669;0.00035418;0.12131;-0.053774
157.5;0.7888;0.23686;-0.0952;0.37781;0;0;0;0;0;0;0;0;0;0;0;0;0;0.12162;-0.05384;0.0003569;0.12173;-0.053946
158;0.7918;0.23778;-0.095678;0.37788;0;0;0;0;0;0;0;0;0;0;0;0;0;0.12205;-0.054048;0.00036082;0.12215;-0.054154
158.5;0.79492;0.23868;-0.095809;0.37796;0;0;0;0;0;0;0;0;0;0;0;0;0;0.12249;-0.054218;0.00035096;0.12259;-0.054323
159;0.79769;0.23951;-0.096236;0.37801;0;0;0;0;0;0;0;0;0;0;0;0;0;0.1229;-0.054427;0.00035595;0.123;-0.054532
159.5;0.80081;0.24048;-0.096472;0.37808;0;0;0;0;0;0;0;0;0;0;0;0;0;0.12334;-0.054599;0.00036026;0.12345;-0.054705
160;0.8037;0.24135;-0.096765;0.37814;0;0;0;0;0;0;0;0;0;0;0;0;0;0.12377;-0.054785;0.00036737;0.12387;-0.054891
160.5;0.80695;0.24245;-0.097111;0.3782;0;0;0;0;0;0;0;0;0;0;0;0;0;0.12422;-0.054968;0.00037326;0.12433;-0.055074
161;0.80926;0.24289;-0.09743;0.37826;0;0;0;0;0;0;0;0;0;0;0;0;0;0.12454;-0.055158;0.00036847;0.12465;-0.055265
161.5;0.81256;0.24393;-0.097722;0.37832;0;0;0;0;0;0;0;0;0;0;0;0;0;0.12502;-0.055329;0.00035546;0.12513;-0.055435
162;0.81566;0.24491;-0.098004;0.37838;0;0;0;0;0;0;0;0;0;0;0;0;0;0.12548;-0.055522;0.00037808;0.12559;-0.055628
162.5;0.81861;0.24582;-0.098448;0.37842;0;0;0;0;0;0;0;0;0;0;0;0;0;0.12592;-0.055709;0.00037496;0.12603;-0.055816
163;0.82127;0.24661;-0.098762;0.37846;0;0;0;0;0;0;0;0;0;0;0;0;0;0.12631;-0.055891;0.00038633;0.12641;-0.055998
163.5;0.82441;0.24753;-0.099012;0.37851;0;0;0;0;0;0;0;0;0;0;0;0;0;0.12674;-0.056066;0.00037391;0.12685;-0.056174
164;0.82731;0.24843;-0.099343;0.37855;0;0;0;0;0;0;0;0;0;0;0;0;0;0.12717;-0.056254;0.00037918;0.12728;-0.056362
164.5;0.83042;0.24932;-0.099679;0.37861;0;0;0;0;0;0;0;0;0;0;0;0;0;0.1276;-0.056437;0.00038741;0.12771;-0.056545
165;0.83329;0.2503;-0.099923;0.37867;0;0;0;0;0;0;0;0;0;0;0;0;0;0.12804;-0.056621;0.00038062;0.12814;-0.05673
165.5;0.83626;0.25117;-0.10033;0.37873;0;0;0;0;0;0;0;0;0;0;0;0;0;0.12845;-0.056831;0.00038055;0.12856;-0.056939
166;0.83907;0.25199;-0.10059;0.37879;0;0;0;0;0;0;0;0;0;0;0;0;0;0.12885;-0.057019;0.00038637;0.12896;-0.057128
166.5;0.84224;0.25286;-0.10091;0.37889;0;0;0;0;0;0;0;0;0;0;0;0;0;0.1293;-0.057189;0.00038795;0.1294;-0.057298
167;0.84518;0.2538;-0.10121;0.37895;0;0;0;0;0;0;0;0;0;0;0;0;0;0.12972;-0.057373;0.00039341;0.12983;-0.057482
167.5;0.84803;0.25466;-0.10144;0.37901;0;0;0;0;0;0;0;0;0;0;0;0;0;0.13014;-0.057526;0.00039724;0.13025;-0.057634
168;0.85113;0.25555;-0.10186;0.37907;0;0;0;0;0;0;0;0;0;0;0;0;0;0.13058;-0.057747;0.0003884;0.13069;-0.057857
168.5;0.85418;0.25649;-0.10222;0.37911;0;0;0;0;0;0;0;0;0;0;0;0;0;0.13101;-0.057935;0.00038921;0.13112;-0.058044
169;0.85708;0.25739;-0.10255;0.37915;0;0;0;0;0;0;0;0;0;0;0;0;0;0.13144;-0.058111;0.0004042;0.13155;-0.058221
169.5;0.86013;0.25831;-0.10288;0.37919;0;0;0;0;0;0;0;0;0;0;0;0;0;0.13187;-0.058309;0.00040109;0.13198;-0.058419
170;0.86309;0.25922;-0.10313;0.37923;0;0;0;0;0;0;0;0;0;0;0;0;0;0.1323;-0.058479;0.00040664;0.13241;-0.058589
170.5;0.86609;0.26012;-0.10349;0.37926;0;0;0;0;0;0;0;0;0;0;0;0;0;0.13272;-0.058689;0.0003961;0.13283;-0.058799
171;0.86926;0.26106;-0.10373;0.3793;0;0;0;0;0;0;0;0;0;0;0;0;0;0.13318;-0.058863;0.00043156;0.13329;-0.058973
171.5;0.87206;0.26197;-0.1041;0.37933;0;0;0;0;0;0;0;0;0;0;0;0;0;0.13359;-0.059051;0.00040925;0.1337;-0.059162
172;0.87511;0.26295;-0.10452;0.37937;0;0;0;0;0;0;0;0;0;0;0;0;0;0.13402;-0.059233;0.00041437;0.13413;-0.059344
172.5;0.87806;0.26377;-0.10478;0.37942;0;0;0;0;0;0;0;0;0;0;0;0;0;0.13444;-0.059433;0.00042282;0.13455;-0.059544
173;0.88101;0.26469;-0.10508;0.37946;0;0;0;0;0;0;0;0;0;0;0;0;0;0.13486;-0.059612;0.00041407;0.13497;-0.059723
173.5;0.88406;0.2656;-0.10549;0.37949;0;0;0;0;0;0;0;0;0;0;0;0;0;0.13529;-0.059804;0.00041451;0.1354;-0.059915
174;0.88715;0.26664;-0.10585;0.37953;0;0;0;0;0;0;0;0;0;0;0;0;0;0.13573;-0.059988;0.00041803;0.13584;-0.0601
174.5;0.89011;0.26754;-0.10615;0.37957;0;0;0;0;0;0;0;0;0;0;0;0;0;0.13616;-0.060174;0.00042244;0.13628;-0.060286
175;0.89311;0.26839;-0.1065;0.3796;0;0;0;0;0;0;0;0;0;0;0;0;0;0.13658;-0.060362;0.00041882;0.13669;-0.060475
175.5;0.89615;0.26927;-0.10682;0.37964;0;0;0;0;0;0;0;0;0;0;0;0;0;0.13701;-0.06056;0.00041813;0.13713;-0.060673
176;0.89919;0.27015;-0.10717;0.37967;0;0;0;0;0;0;0;0;0;0;0;0;0;0.13744;-0.06076;0.00042243;0.13756;-0.060873
176.5;0.90241;0.27106;-0.1075;0.37971;0;0;0;0;0;0;0;0;0;0;0;0;0;0.13788;-0.06093;0.0004246;0.13799;-0.061043
177;0.90534;0.27199;-0.10776;0.37975;0;0;0;0;0;0;0;0;0;0;0;0;0;0.1383;-0.061115;0.00044438;0.13841;-0.061228
177.5;0.90824;0.27295;-0.10806;0.37978;0;0;0;0;0;0;0;0;0;0;0;0;0;0.13872;-0.061294;0.00042515;0.13883;-0.061408
178;0.91133;0.27381;-0.10841;0.37981;0;0;0;0;0;0;0;0;0;0;0;0;0;0.13915;-0.061477;0.00042647;0.13926;-0.061591
178.5;0.91443;0.27471;-0.10876;0.37984;0;0;0;0;0;0;0;0;0;0;0;0;0;0.13958;-0.061673;0.00042819;0.13969;-0.061788
179;0.91792;0.27587;-0.10917;0.37988;0;0;0;0;0;0;0;0;0;0;0;0;0;0.14006;-0.06185;0.00044374;0.14017;-0.061964
179.5;0.92064;0.27672;-0.10948;0.3799;0;0;0;0;0;0;0;0;0;0;0;0;0;0.14044;-0.06204;0.00042729;0.14056;-0.062154
180;0.92371;0.2776;-0.10981;0.37993;0;0;0;0;0;0;0;0;0;0;0;0;0;0.14089;-0.062233;0.00044802;0.141;-0.062348
180.5;0.92695;0.27868;-0.1101;0.37996;0;0;0;0;0;0;0;0;0;0;0;0;0;0.14134;-0.06241;0.00044642;0.14146;-0.062525
181;0.92983;0.2795;-0.11053;0.37998;0;0;0;0;0;0;0;0;0;0;0;0;0;0.14174;-0.062616;0.00044278;0.14185;-0.062731
181.5;0.93292;0.28041;-0.11083;0.38001;0;0;0;0;0;0;0;0;0;0;0;0;0;0.14217;-0.062795;0.00045293;0.14229;-0.062911
182;0.93599;0.28133;-0.11111;0.38003;0;0;0;0;0;0;0;0;0;0;0;0;0;0.14261;-0.062973;0.00045068;0.14273;-0.063089
182.5;0.93896;0.28217;-0.11143;0.38006;0;0;0;0;0;0;0;0;0;0;0;0;0;0.14303;-0.063134;0.00045689;0.14314;-0.06325
183;0.94184;0.28314;-0.1118;0.38008;0;0;0;0;0;0;0;0;0;0;0;0;0;0.14343;-0.063361;0.00048033;0.14355;-0.063477
183.5;0.9452;0.28413;-0.1121;0.38011;0;0;0;0;0;0;0;0;0;0;0;0;0;0.14393;-0.063533;0.00046887;0.14404;-0.06365
184;0.94825;0.28505;-0.11256;0.38014;0;0;0;0;0;0;0;0;0;0;0;0;0;0.14434;-0.063748;0.00046954;0.14446;-0.063865
184.5;0.95125;0.28599;-0.11282;0.38016;0;0;0;0;0;0;0;0;0;0;0;0;0;0.14477;-0.063918;0.00046591;0.14488;-0.064035
185;0.95418;0.2868;-0.11319;0.38019;0;0;0;0;0;0;0;0;0;0;0;0;0;0.14517;-0.064114;0.00046678;0.14529;-0.064231
185.5;0.95744;0.28772;-0.11349;0.3802;0;0;0;0;0;0;0;0;0;0;0;0;0;0.14561;-0.06428;0.00047391;0.14573;-0.064397
186;0.96052;0.28867;-0.11377;0.38022;0;0;0;0;0;0;0;0;0;0;0;0;0;0.14605;-0.064464;0.00046991;0.14617;-0.064582
186.5;0.96356;0.2896;-0.11412;0.38024;0;0;0;0;0;0;0;0;0;0;0;0;0;0.14646;-0.064677;0.00048023;0.14658;-0.064795
187;0.96663;0.2906;-0.11449;0.38025;0;0;0;0;0;0;0;0;0;0;0;0;0;0.1469;-0.064851;0.00047812;0.14702;-0.064968
187.5;0.9698;0.29155;-0.11472;0.38027;0;0;0;0;0;0;0;0;0;0;0;0;0;0.14733;-0.065041;0.0004803;0.14745;-0.065158
188;0.97304;0.29248;-0.11515;0.38028;0;0;0;0;0;0;0;0;0;0;0;0;0;0.14778;-0.065224;0.00048565;0.1479;-0.065342
188.5;0.97581;0.29332;-0.11537;0.3803;0;0;0;0;0;0;0;0;0;0;0;0;0;0.14818;-0.065413;0.00048395;0.1483;-0.065531
189;0.9791;0.29429;-0.11578;0.38031;0;0;0;0;0;0;0;0;0;0;0;0;0;0.14863;-0.065597;0.00048485;0.14874;-0.065715
189.5;0.98234;0.29537;-0.11601;0.38034;0;0;0;0;0;0;0;0;0;0;0;0;0;0.14909;-0.065782;0.00049045;0.1492;-0.065899
190;0.98545;0.2963;-0.11642;0.38036;0;0;0;0;0;0;0;0;0;0;0;0;0;0.14951;-0.065972;0.00049444;0.14963;-0.06609
190.5;0.98847;0.29719;-0.11676;0.38038;0;0;0;0;0;0;0;0;0;0;0;0;0;0.14993;-0.066174;0.00050626;0.15005;-0.066293
191;0.99163;0.29819;-0.11707;0.3804;0;0;0;0;0;0;0;0;0;0;0;0;0;0.15037;-0.066356;0.00049599;0.15049;-0.066474
191.5;0.9948;0.29916;-0.11749;0.38042;0;0;0;0;0;0;0;0;0;0;0;0;0;0.15082;-0.066595;0.00049498;0.15094;-0.066713
192;0.99806;0.30013;-0.11783;0.38044;0;0;0;0;0;0;0;0;0;0;0;0;0;0.15126;-0.066737;0.00051654;0.15137;-0.066855
192.5;1.0011;0.30103;-0.1181;0.38046;0;0;0;0;0;0;0;0;0;0;0;0;0;0.15169;-0.066922;0.00050544;0.15181;-0.067041
193;1.0043;0.30202;-0.11837;0.38047;0;0;0;0;0;0;0;0;0;0;0;0;0;0.15213;-0.067101;0.00051449;0.15225;-0.06722
193.5;1.0073;0.30289;-0.11873;0.38048;0;0;0;0;0;0;0;0;0;0;0;0;0;0.15256;-0.067279;0.0005086;0.15268;-0.067398
194;1.0105;0.30384;-0.1191;0.38048;0;0;0;0;0;0;0;0;0;0;0;0;0;0.153;-0.067478;0.00051432;0.15312;-0.067598
194.5;1.0132;0.30467;-0.11935;0.38049;0;0;0;0;0;0;0;0;0;0;0;0;0;0.15337;-0.06766;0.00052428;0.15349;-0.06778
195;1.0169;0.30574;-0.1198;0.3805;0;0;0;0;0;0;0;0;0;0;0;0;0;0.15387;-0.067875;0.0005226;0.15399;-0.067995
195.51;1.0199;0.30669;-0.12014;0.38051;0;0;0;0;0;0;0;0;0;0;0;0;0;0.1543;-0.068063;0.00053028;0.15442;-0.068183
196;1.0232;0.30775;-0.12048;0.38052;0;0;0;0;0;0;0;0;0;0;0;0;0;0.15476;-0.068232;0.00052628;0.15488;-0.068352
196.5;1.0263;0.30858;-0.12086;0.38054;0;0;0;0;0;0;0;0;0;0;0;0;0;0.15519;-0.06843;0.00053327;0.15531;-0.068551
197;1.0295;0.30957;-0.12112;0.38055;0;0;0;0;0;0;0;0;0;0;0;0;0;0.15563;-0.06861;0.00053753;0.15575;-0.068731
197.5;1.0326;0.31048;-0.12143;0.38057;0;0;0;0;0;0;0;0;0;0;0;0;0;0.15606;-0.068807;0.00054093;0.15618;-0.068927
198;1.0358;0.31149;-0.12173;0.38057;0;0;0;0;0;0;0;0;0;0;0;0;0;0.1565;-0.06899;0.0005469;0.15662;-0.06911
198.5;1.0389;0.31242;-0.12212;0.38057;0;0;0;0;0;0;0;0;0;0;0;0;0;0.15693;-0.069166;0.0005443;0.15705;-0.069287
199;1.0421;0.3134;-0.1225;0.38058;0;0;0;0;0;0;0;0;0;0;0;0;0;0.15736;-0.069356;0.0005578;0.15749;-0.069477
199.5;1.0452;0.31435;-0.12271;0.38059;0;0;0;0;0;0;0;0;0;0;0;0;0;0.15779;-0.069522;0.00056051;0.15792;-0.069644
200;1.0485;0.31531;-0.12311;0.38061;0;0;0;0;0;0;0;0;0;0;0;0;0;0.15825;-0.069745;0.00055441;0.15837;-0.069867
200.5;1.0518;0.31627;-0.1234;0.38062;0;0;0;0;0;0;0;0;0;0;0;0;0;0.15869;-0.069935;0.00055686;0.15881;-0.070057
201;1.0551;0.31735;-0.12371;0.38063;0;0;0;0;0;0;0;0;0;0;0;0;0;0.15915;-0.07012;0.00056686;0.15927;-0.070241
201.5;1.0579;0.31815;-0.12402;0.38064;0;0;0;0;0;0;0;0;0;0;0;0;0;0.15957;-0.070307;0.00056284;0.15969;-0.070429
202;1.0612;0.31911;-0.1244;0.38065;0;0;0;0;0;0;0;0;0;0;0;0;0;0.16;-0.070504;0.00056201;0.16012;-0.070626
202.5;1.0651;0.32038;-0.1247;0.38065;0;0;0;0;0;0;0;0;0;0;0;0;0;0.16055;-0.070675;0.00053646;0.16067;-0.070797
203;1.0677;0.32101;-0.12508;0.38065;0;0;0;0;0;0;0;0;0;0;0;0;0;0.16089;-0.070879;0.00056153;0.16102;-0.071002
203.5;1.0708;0.32197;-0.12549;0.38064;0;0;0;0;0;0;0;0;0;0;0;0;0;0.16132;-0.07107;0.00056805;0.16144;-0.071193
204;1.0739;0.32292;-0.12576;0.38063;0;0;0;0;0;0;0;0;0;0;0;0;0;0.16175;-0.071254;0.00057725;0.16188;-0.071377
204.5;1.0773;0.324;-0.12616;0.3806;0;0;0;0;0;0;0;0;0;0;0;0;0;0.16223;-0.07145;0.00058462;0.16236;-0.071573
205;1.0803;0.32489;-0.12643;0.38058;0;0;0;0;0;0;0;0;0;0;0;0;0;0.16267;-0.071625;0.0006032;0.16279;-0.071749
205.5;1.0834;0.32578;-0.12691;0.38057;0;0;0;0;0;0;0;0;0;0;0;0;0;0.16309;-0.071896;0.00057578;0.16321;-0.072019
206;1.0869;0.32681;-0.12717;0.38057;0;0;0;0;0;0;0;0;0;0;0;0;0;0.16356;-0.072027;0.00061092;0.16369;-0.072151
206.5;1.09;0.32778;-0.12751;0.38057;0;0;0;0;0;0;0;0;0;0;0;0;0;0.16401;-0.072197;0.00062368;0.16413;-0.072321
207;1.0932;0.32872;-0.12783;0.38057;0;0;0;0;0;0;0;0;0;0;0;0;0;0.16443;-0.0724;0.00060681;0.16456;-0.072524
207.5;1.0961;0.32956;-0.12816;0.38058;0;0;0;0;0;0;0;0;0;0;0;0;0;0.16483;-0.072578;0.00059162;0.16495;-0.072703
208;1.0999;0.33077;-0.12855;0.38057;0;0;0;0;0;0;0;0;0;0;0;0;0;0.16534;-0.072773;0.00061578;0.16547;-0.072897
208.5;1.1024;0.33144;-0.12887;0.38058;0;0;0;0;0;0;0;0;0;0;0;0;0;0.1657;-0.072972;0.00058758;0.16583;-0.073096
209;1.1061;0.33257;-0.12921;0.38058;0;0;0;0;0;0;0;0;0;0;0;0;0;0.1662;-0.07315;0.00062476;0.16632;-0.073275
209.5;1.1091;0.33349;-0.1296;0.38059;0;0;0;0;0;0;0;0;0;0;0;0;0;0.1666;-0.073341;0.0005947;0.16673;-0.073466
210;1.1127;0.3346;-0.12986;0.38058;0;0;0;0;0;0;0;0;0;0;0;0;0;0.1671;-0.073535;0.00060595;0.16723;-0.07366
210.5;1.1158;0.33557;-0.13031;0.38058;0;0;0;0;0;0;0;0;0;0;0;0;0;0.16753;-0.07374;0.000643;0.16765;-0.073866
211;1.1191;0.33656;-0.13049;0.38058;0;0;0;0;0;0;0;0;0;0;0;0;0;0.16797;-0.073911;0.00062824;0.16809;-0.074036
211.5;1.1225;0.33745;-0.1309;0.38058;0;0;0;0;0;0;0;0;0;0;0;0;0;0.16841;-0.074109;0.00063717;0.16853;-0.074234
212;1.1255;0.33837;-0.13125;0.38058;0;0;0;0;0;0;0;0;0;0;0;0;0;0.16883;-0.074316;0.00063745;0.16895;-0.074441
212.5;1.129;0.33939;-0.13158;0.38059;0;0;0;0;0;0;0;0;0;0;0;0;0;0.1693;-0.074491;0.0006432;0.16943;-0.074617
213;1.1321;0.34037;-0.13193;0.38059;0;0;0;0;0;0;0;0;0;0;0;0;0;0.16973;-0.074684;0.00064671;0.16985;-0.07481
213.5;1.1353;0.34125;-0.13225;0.38058;0;0;0;0;0;0;0;0;0;0;0;0;0;0.17016;-0.074877;0.00065961;0.17029;-0.075004
214;1.1388;0.34238;-0.1326;0.38058;0;0;0;0;0;0;0;0;0;0;0;0;0;0.17062;-0.075051;0.00065452;0.17074;-0.075178
214.5;1.142;0.34329;-0.13296;0.38058;0;0;0;0;0;0;0;0;0;0;0;0;0;0.17106;-0.07525;0.00065596;0.17119;-0.075377
215;1.1452;0.34432;-0.1333;0.38058;0;0;0;0;0;0;0;0;0;0;0;0;0;0.17152;-0.075446;0.00065789;0.17164;-0.075574
215.5;1.1485;0.34524;-0.13365;0.38057;0;0;0;0;0;0;0;0;0;0;0;0;0;0.17196;-0.07564;0.00066324;0.17208;-0.075767
216;1.1517;0.34621;-0.13397;0.38057;0;0;0;0;0;0;0;0;0;0;0;0;0;0.1724;-0.075815;0.00066267;0.17253;-0.075942
216.5;1.1551;0.3472;-0.13429;0.38056;0;0;0;0;0;0;0;0;0;0;0;0;0;0.17286;-0.076013;0.00066313;0.17299;-0.076141
217;1.1585;0.34817;-0.13479;0.38056;0;0;0;0;0;0;0;0;0;0;0;0;0;0.1733;-0.07622;0.00067502;0.17343;-0.076348
217.5;1.1617;0.34912;-0.135;0.38055;0;0;0;0;0;0;0;0;0;0;0;0;0;0.17375;-0.076407;0.00067953;0.17387;-0.076535
218;1.1651;0.35008;-0.13533;0.38054;0;0;0;0;0;0;0;0;0;0;0;0;0;0.17418;-0.076598;0.00068072;0.17431;-0.076726
218.5;1.1683;0.35107;-0.13564;0.38054;0;0;0;0;0;0;0;0;0;0;0;0;0;0.17463;-0.076782;0.00068249;0.17476;-0.07691
219;1.1718;0.35209;-0.13599;0.38053;0;0;0;0;0;0;0;0;0;0;0;0;0;0.17509;-0.076967;0.00068595;0.17522;-0.077096
219.5;1.175;0.3531;-0.13627;0.38053;0;0;0;0;0;0;0;0;0;0;0;0;0;0.17553;-0.077166;0.0006918;0.17566;-0.077296
220;1.1784;0.35406;-0.13668;0.38052;0;0;0;0;0;0;0;0;0;0;0;0;0;0.17598;-0.077378;0.0006944;0.17611;-0.077507
220.5;1.1817;0.35494;-0.13707;0.3805;0;0;0;0;0;0;0;0;0;0;0;0;0;0.17642;-0.07758;0.00069721;0.17655;-0.077709
221;1.185;0.35595;-0.13729;0.3805;0;0;0;0;0;0;0;0;0;0;0;0;0;0.17687;-0.077745;0.00070036;0.177;-0.077874
221.5;1.1882;0.35692;-0.13771;0.38049;0;0;0;0;0;0;0;0;0;0;0;0;0;0.17731;-0.077971;0.00069502;0.17744;-0.0781
222;1.1917;0.35785;-0.1379;0.38048;0;0;0;0;0;0;0;0;0;0;0;0;0;0.17776;-0.078142;0.00070851;0.17789;-0.078272
222.5;1.1949;0.35872;-0.13825;0.38048;0;0;0;0;0;0;0;0;0;0;0;0;0;0.17818;-0.078325;0.00070833;0.17831;-0.078455
223;1.1981;0.35969;-0.13849;0.38047;0;0;0;0;0;0;0;0;0;0;0;0;0;0.17863;-0.078539;0.00071082;0.17876;-0.078669
223.5;1.2016;0.3607;-0.13891;0.38045;0;0;0;0;0;0;0;0;0;0;0;0;0;0.1791;-0.078728;0.00071929;0.17922;-0.078859
224;1.2051;0.3617;-0.13913;0.38044;0;0;0;0;0;0;0;0;0;0;0;0;0;0.17955;-0.078904;0.00072644;0.17968;-0.079035
224.5;1.2084;0.36278;-0.13953;0.38043;0;0;0;0;0;0;0;0;0;0;0;0;0;0.17999;-0.079105;0.00072257;0.18013;-0.079236
225;1.2117;0.36366;-0.13982;0.38042;0;0;0;0;0;0;0;0;0;0;0;0;0;0.18044;-0.079302;0.00072778;0.18057;-0.079434
225.5;1.2151;0.36455;-0.14019;0.38041;0;0;0;0;0;0;0;0;0;0;0;0;0;0.1809;-0.079496;0.00072999;0.18103;-0.079627
226;1.2184;0.36548;-0.14044;0.3804;0;0;0;0;0;0;0;0;0;0;0;0;0;0.18133;-0.079696;0.00073073;0.18146;-0.079828
226.5;1.2216;0.36634;-0.14067;0.3804;0;0;0;0;0;0;0;0;0;0;0;0;0;0.18175;-0.07985;0.000765;0.18188;-0.079982
227;1.2253;0.36751;-0.14101;0.38039;0;0;0;0;0;0;0;0;0;0;0;0;0;0.18226;-0.080059;0.00072332;0.1824;-0.080191
227.5;1.2286;0.36843;-0.14138;0.38038;0;0;0;0;0;0;0;0;0;0;0;0;0;0.1827;-0.080262;0.00073039;0.18283;-0.080394
228;1.2321;0.36941;-0.14169;0.38037;0;0;0;0;0;0;0;0;0;0;0;0;0;0.18317;-0.08045;0.00074992;0.1833;-0.080583
228.5;1.2353;0.37028;-0.14202;0.38037;0;0;0;0;0;0;0;0;0;0;0;0;0;0.1836;-0.080653;0.00075621;0.18373;-0.080786
229;1.2388;0.37121;-0.14226;0.38036;0;0;0;0;0;0;0;0;0;0;0;0;0;0.18404;-0.080835;0.00075308;0.18418;-0.080968
229.5;1.242;0.37203;-0.14267;0.38034;0;0;0;0;0;0;0;0;0;0;0;0;0;0.18447;-0.081077;0.00073911;0.1846;-0.081211
230;1.2455;0.37304;-0.14287;0.38033;0;0;0;0;0;0;0;0;0;0;0;0;0;0.18494;-0.081228;0.00076925;0.18507;-0.081362
230.5;1.2489;0.37399;-0.14327;0.38032;0;0;0;0;0;0;0;0;0;0;0;0;0;0.18537;-0.081421;0.00075663;0.18551;-0.081555
231;1.2524;0.37475;-0.14356;0.38031;0;0;0;0;0;0;0;0;0;0;0;0;0;0.18582;-0.0816;0.00076041;0.18596;-0.081734
231.5;1.2558;0.37578;-0.14388;0.38029;0;0;0;0;0;0;0;0;0;0;0;0;0;0.18629;-0.081793;0.00076795;0.18642;-0.081927
232;1.2591;0.3766;-0.14423;0.38028;0;0;0;0;0;0;0;0;0;0;0;0;0;0.18673;-0.081982;0.00076448;0.18686;-0.082116
232.5;1.2624;0.37751;-0.14454;0.38027;0;0;0;0;0;0;0;0;0;0;0;0;0;0.18716;-0.082189;0.00077462;0.18729;-0.082324
233.01;1.266;0.3785;-0.14494;0.38026;0;0;0;0;0;0;0;0;0;0;0;0;0;0.18763;-0.082368;0.00078688;0.18777;-0.082503
233.5;1.2694;0.37938;-0.14526;0.38026;0;0;0;0;0;0;0;0;0;0;0;0;0;0.18807;-0.082565;0.00078376;0.18821;-0.0827
234;1.2729;0.38031;-0.14549;0.38024;0;0;0;0;0;0;0;0;0;0;0;0;0;0.18854;-0.082748;0.00078389;0.18867;-0.082883
234.5;1.2763;0.38126;-0.14589;0.38023;0;0;0;0;0;0;0;0;0;0;0;0;0;0.189;-0.082937;0.00078314;0.18913;-0.083072
235;1.2798;0.38206;-0.14623;0.38022;0;0;0;0;0;0;0;0;0;0;0;0;0;0.18944;-0.083137;0.00079251;0.18957;-0.083273
235.5;1.2832;0.38294;-0.14643;0.38021;0;0;0;0;0;0;0;0;0;0;0;0;0;0.18988;-0.083324;0.00078691;0.19002;-0.08346
236;1.2866;0.38377;-0.14687;0.3802;0;0;0;0;0;0;0;0;0;0;0;0;0;0.19035;-0.083515;0.00080727;0.19049;-0.083652
236.5;1.2902;0.38476;-0.14709;0.38019;0;0;0;0;0;0;0;0;0;0;0;0;0;0.19081;-0.083715;0.00080012;0.19095;-0.083852
237;1.2936;0.38562;-0.14743;0.38018;0;0;0;0;0;0;0;0;0;0;0;0;0;0.19125;-0.083893;0.00081797;0.19139;-0.084031
237.5;1.2971;0.38637;-0.14769;0.38016;0;0;0;0;0;0;0;0;0;0;0;0;0;0.19171;-0.084091;0.00081857;0.19184;-0.084228
238;1.3005;0.38722;-0.14793;0.38015;0;0;0;0;0;0;0;0;0;0;0;0;0;0.19216;-0.084276;0.00081898;0.1923;-0.084413
238.5;1.3041;0.38806;-0.14834;0.38014;0;0;0;0;0;0;0;0;0;0;0;0;0;0.19262;-0.084468;0.00082818;0.19276;-0.084606
239;1.3075;0.38872;-0.14842;0.38013;0;0;0;0;0;0;0;0;0;0;0;0;0;0.19307;-0.084649;0.00083309;0.19321;-0.084787
239.5;1.311;0.38956;-0.14884;0.38013;0;0;0;0;0;0;0;0;0;0;0;0;0;0.19351;-0.084851;0.00082903;0.19365;-0.084989
240;1.3145;0.39041;-0.14903;0.38012;0;0;0;0;0;0;0;0;0;0;0;0;0;0.19396;-0.085037;0.00083606;0.1941;-0.085175
240.5;1.318;0.39121;-0.14926;0.3801;0;0;0;0;0;0;0;0;0;0;0;0;0;0.19441;-0.085239;0.0008382;0.19455;-0.085378
241;1.3215;0.392;-0.14957;0.3801;0;0;0;0;0;0;0;0;0;0;0;0;0;0.19487;-0.085436;0.00083909;0.19501;-0.085575
241.5;1.3249;0.39271;-0.14978;0.38009;0;0;0;0;0;0;0;0;0;0;0;0;0;0.19531;-0.085611;0.00084644;0.19545;-0.08575
242;1.3285;0.39342;-0.15002;0.38008;0;0;0;0;0;0;0;0;0;0;0;0;0;0.19576;-0.085808;0.00084586;0.1959;-0.085948
242.5;1.3322;0.3941;-0.15027;0.38006;0;0;0;0;0;0;0;0;0;0;0;0;0;0.19623;-0.08605;0.00084827;0.19637;-0.08619
243;1.3356;0.3948;-0.15059;0.38004;0;0;0;0;0;0;0;0;0;0;0;0;0;0.19667;-0.086226;0.00085261;0.19681;-0.086366
243.5;1.3389;0.39547;-0.15066;0.38003;0;0;0;0;0;0;0;0;0;0;0;0;0;0.19709;-0.086384;0.00084711;0.19723;-0.086524
244;1.3428;0.39627;-0.15088;0.38;0;0;0;0;0;0;0;0;0;0;0;0;0;0.19759;-0.086575;0.00086456;0.19773;-0.086715
244.5;1.3468;0.39714;-0.1512;0.37999;0;0;0;0;0;0;0;0;0;0;0;0;0;0.1981;-0.086755;0.00086462;0.19825;-0.086895
245;1.35;0.39756;-0.15145;0.37999;0;0;0;0;0;0;0;0;0;0;0;0;0;0.19849;-0.086965;0.00087017;0.19864;-0.087106
245.5;1.3535;0.39823;-0.15148;0.37997;0;0;0;0;0;0;0;0;0;0;0;0;0;0.19895;-0.087146;0.00086098;0.1991;-0.087287
246;1.357;0.39882;-0.15184;0.37995;0;0;0;0;0;0;0;0;0;0;0;0;0;0.1994;-0.087336;0.00087797;0.19954;-0.087478
246.5;1.3605;0.39937;-0.15202;0.37994;0;0;0;0;0;0;0;0;0;0;0;0;0;0.19983;-0.087526;0.00088073;0.19997;-0.087668
247;1.3642;0.39999;-0.15219;0.37992;0;0;0;0;0;0;0;0;0;0;0;0;0;0.20028;-0.08772;0.00088566;0.20042;-0.087862
247.5;1.3678;0.40063;-0.15239;0.37991;0;0;0;0;0;0;0;0;0;0;0;0;0;0.20074;-0.087909;0.00088989;0.20089;-0.08805
248;1.3714;0.40116;-0.1527;0.3799;0;0;0;0;0;0;0;0;0;0;0;0;0;0.20119;-0.088106;0.00089219;0.20133;-0.088248
248.5;1.3749;0.40174;-0.15273;0.37988;0;0;0;0;0;0;0;0;0;0;0;0;0;0.20164;-0.088295;0.00089199;0.20178;-0.088438
249;1.3784;0.40211;-0.15287;0.37986;0;0;0;0;0;0;0;0;0;0;0;0;0;0.20208;-0.088483;0.00089923;0.20222;-0.088625
249.5;1.3827;0.40286;-0.15312;0.37985;0;0;0;0;0;0;0;0;0;0;0;0;0;0.20261;-0.088673;0.00090703;0.20276;-0.088816
250;1.3857;0.40313;-0.15323;0.37983;0;0;0;0;0;0;0;0;0;0;0;0;0;0.20299;-0.088881;0.0009114;0.20313;-0.089024
250.5;1.3895;0.4037;-0.1534;0.3798;0;0;0;0;0;0;0;0;0;0;0;0;0;0.20346;-0.08906;0.00090685;0.20361;-0.089203
251;1.3931;0.40397;-0.15354;0.37978;0;0;0;0;0;0;0;0;0;0;0;0;0;0.2039;-0.089248;0.00091118;0.20404;-0.089391
251.5;1.397;0.40434;-0.15369;0.37974;0;0;0;0;0;0;0;0;0;0;0;0;0;0.20435;-0.089429;0.00091441;0.2045;-0.089573
252;1.4008;0.40482;-0.15388;0.37972;0;0;0;0;0;0;0;0;0;0;0;0;0;0.20483;-0.089619;0.00091879;0.20497;-0.089762
252.5;1.4041;0.40511;-0.15394;0.37969;0;0;0;0;0;0;0;0;0;0;0;0;0;0.20524;-0.08983;0.00093502;0.20538;-0.089974
253;1.4081;0.4055;-0.154;0.37967;0;0;0;0;0;0;0;0;0;0;0;0;0;0.20573;-0.089972;0.00091019;0.20587;-0.090117
253.5;1.4119;0.40585;-0.15426;0.37963;0;0;0;0;0;0;0;0;0;0;0;0;0;0.20618;-0.090229;0.00092813;0.20632;-0.090373
254;1.4157;0.40611;-0.15429;0.37959;0;0;0;0;0;0;0;0;0;0;0;0;0;0.20664;-0.090378;0.00092238;0.20678;-0.090523
254.5;1.4194;0.40642;-0.15432;0.37956;0;0;0;0;0;0;0;0;0;0;0;0;0;0.20711;-0.090548;0.00092297;0.20725;-0.090693
255;1.4234;0.40663;-0.15447;0.37953;0;0;0;0;0;0;0;0;0;0;0;0;0;0.20755;-0.090779;0.00092716;0.2077;-0.090925
255.5;1.4271;0.40688;-0.15449;0.3795;0;0;0;0;0;0;0;0;0;0;0;0;0;0.20799;-0.090942;0.0009276;0.20814;-0.091088
256;1.4308;0.40705;-0.15458;0.37947;0;0;0;0;0;0;0;0;0;0;0;0;0;0.20844;-0.091111;0.00093369;0.20859;-0.091257
256.5;1.4346;0.40725;-0.15471;0.37943;0;0;0;0;0;0;0;0;0;0;0;0;0;0.2089;-0.091295;0.00094121;0.20905;-0.091441
257;1.4384;0.40748;-0.15474;0.37938;0;0;0;0;0;0;0;0;0;0;0;0;0;0.20936;-0.091504;0.00093786;0.20951;-0.091651
257.5;1.4423;0.4077;-0.15482;0.37934;0;0;0;0;0;0;0;0;0;0;0;0;0;0.20982;-0.091677;0.00094392;0.20996;-0.091824
258;1.446;0.40777;-0.15491;0.37929;0;0;0;0;0;0;0;0;0;0;0;0;0;0.21026;-0.091876;0.00093405;0.21041;-0.092023
258.5;1.4499;0.40792;-0.15495;0.37922;0;0;0;0;0;0;0;0;0;0;0;0;0;0.21072;-0.092063;0.00093286;0.21086;-0.09221
259;1.4538;0.40806;-0.15499;0.37915;0;0;0;0;0;0;0;0;0;0;0;0;0;0.21119;-0.092239;0.00092737;0.21133;-0.092386
259.5;1.4577;0.408;-0.15508;0.37908;0;0;0;0;0;0;0;0;0;0;0;0;0;0.21164;-0.092437;0.0009434;0.21179;-0.092584
260;1.4617;0.40821;-0.15502;0.37901;0;0;0;0;0;0;0;0;0;0;0;0;0;0.21211;-0.09262;0.00093068;0.21226;-0.092767
260.5;1.4655;0.40822;-0.1551;0.37891;0;0;0;0;0;0;0;0;0;0;0;0;0;0.21254;-0.092798;0.00093565;0.21269;-0.092946
261;1.4697;0.40829;-0.1551;0.37882;0;0;0;0;0;0;0;0;0;0;0;0;0;0.21304;-0.092982;0.00093968;0.21319;-0.09313
261.5;1.4737;0.40842;-0.15515;0.3787;0;0;0;0;0;0;0;0;0;0;0;0;0;0.21349;-0.093168;0.00094393;0.21363;-0.093315
262;1.4777;0.40844;-0.15514;0.37856;0;0;0;0;0;0;0;0;0;0;0;0;0;0.21394;-0.093357;0.0009498;0.21409;-0.093506
262.5;1.4816;0.40846;-0.15519;0.37842;0;0;0;0;0;0;0;0;0;0;0;0;0;0.21438;-0.093547;0.00093147;0.21453;-0.093696
263;1.4857;0.40845;-0.15525;0.37826;0;0;0;0;0;0;0;0;0;0;0;0;0;0.21487;-0.093745;0.00096226;0.21502;-0.093894
263.5;1.4896;0.40849;-0.15532;0.37804;0;0;0;0;0;0;0;0;0;0;0;0;0;0.21531;-0.093942;0.00095781;0.21545;-0.09409
264;1.4939;0.40838;-0.15533;0.37784;0;0;0;0;0;0;0;0;0;0;0;0;0;0.21578;-0.094107;0.00096166;0.21593;-0.094256
264.5;1.4981;0.40854;-0.15525;0.37762;0;0;0;0;0;0;0;0;0;0;0;0;0;0.21627;-0.094287;0.00095433;0.21641;-0.094436
265;1.5022;0.40859;-0.1552;0.37738;0;0;0;0;0;0;0;0;0;0;0;0;0;0.21673;-0.094472;0.00095786;0.21688;-0.094621
265.5;1.5063;0.40856;-0.1552;0.37707;0;0;0;0;0;0;0;0;0;0;0;0;0;0.21718;-0.094649;0.00095341;0.21733;-0.094799
266;1.5105;0.40852;-0.15513;0.3768;0;0;0;0;0;0;0;0;0;0;0;0;0;0.21764;-0.09482;0.00095642;0.21779;-0.09497
266.5;1.5146;0.40866;-0.15527;0.37646;0;0;0;0;0;0;0;0;0;0;0;0;0;0.2181;-0.095024;0.00095193;0.21825;-0.095175
267;1.5188;0.40853;-0.15535;0.37609;0;0;0;0;0;0;0;0;0;0;0;0;0;0.21856;-0.095215;0.00095095;0.21871;-0.095366
267.5;1.523;0.40851;-0.15531;0.3757;0;0;0;0;0;0;0;0;0;0;0;0;0;0.21904;-0.095381;0.00095704;0.21919;-0.095532
268;1.5271;0.40852;-0.15528;0.37533;0;0;0;0;0;0;0;0;0;0;0;0;0;0.21949;-0.095556;0.0009504;0.21965;-0.095707
268.5;1.5314;0.40855;-0.15521;0.37493;0;0;0;0;0;0;0;0;0;0;0;0;0;0.21996;-0.095724;0.00095268;0.22011;-0.095875
269;1.5359;0.4086;-0.15529;0.37451;0;0;0;0;0;0;0;0;0;0;0;0;0;0.22042;-0.095906;0.00094963;0.22057;-0.096058
269.5;1.5398;0.40845;-0.15521;0.37403;0;0;0;0;0;0;0;0;0;0;0;0;0;0.22087;-0.09606;0.00095386;0.22103;-0.096213
270;1.5441;0.40848;-0.15521;0.37352;0;0;0;0;0;0;0;0;0;0;0;0;0;0.22133;-0.09624;0.00094465;0.22148;-0.096392
270.5;1.5486;0.40853;-0.15519;0.37298;0;0;0;0;0;0;0;0;0;0;0;0;0;0.2218;-0.096383;0.00094592;0.22196;-0.096536
271;1.5527;0.40844;-0.15523;0.37248;0;0;0;0;0;0;0;0;0;0;0;0;0;0.22223;-0.096579;0.00093285;0.22239;-0.096732
271.5;1.5569;0.40848;-0.15524;0.3718;0;0;0;0;0;0;0;0;0;0;0;0;0;0.2227;-0.096727;0.00092804;0.22285;-0.096881
272;1.5612;0.40846;-0.15521;0.37124;0;0;0;0;0;0;0;0;0;0;0;0;0;0.22317;-0.096903;0.0009211;0.22332;-0.097057
272.5;1.5653;0.40829;-0.15516;0.37054;0;0;0;0;0;0;0;0;0;0;0;0;0;0.2236;-0.097049;0.00093056;0.22375;-0.097204
273;1.5696;0.40835;-0.15516;0.36978;0;0;0;0;0;0;0;0;0;0;0;0;0;0.22402;-0.097251;0.00093693;0.22418;-0.097406
273.5;1.5739;0.40831;-0.15521;0.36898;0;0;0;0;0;0;0;0;0;0;0;0;0;0.22448;-0.097372;0.00092755;0.22464;-0.097527
274;1.5782;0.40842;-0.15526;0.36828;0;0;0;0;0;0;0;0;0;0;0;0;0;0.22493;-0.097521;0.00092711;0.22509;-0.097678
274.5;1.5824;0.4083;-0.15532;0.36741;0;0;0;0;0;0;0;0;0;0;0;0;0;0.22538;-0.097686;0.00092563;0.22554;-0.097842
275;1.5867;0.40823;-0.15524;0.36649;0;0;0;0;0;0;0;0;0;0;0;0;0;0.22582;-0.097846;0.0009283;0.22598;-0.098003
275.5;1.5909;0.40824;-0.15525;0.36561;0;0;0;0;0;0;0;0;0;0;0;0;0;0.22627;-0.097979;0.00092024;0.22642;-0.098136
276;1.5952;0.40823;-0.15518;0.36467;0;0;0;0;0;0;0;0;0;0;0;0;0;0.22671;-0.098137;0.00091677;0.22687;-0.098295
276.5;1.5995;0.40808;-0.15516;0.3636;0;0;0;0;0;0;0;0;0;0;0;0;0;0.22715;-0.098275;0.00091576;0.2273;-0.098433
277;1.6039;0.40813;-0.15515;0.36256;0;0;0;0;0;0;0;0;0;0;0;0;0;0.22758;-0.098421;0.00092107;0.22773;-0.09858
277.5;1.6082;0.4081;-0.15518;0.36137;0;0;0;0;0;0;0;0;0;0;0;0;0;0.22801;-0.098568;0.00091444;0.22817;-0.098727
278;1.6124;0.40807;-0.15519;0.36021;0;0;0;0;0;0;0;0;0;0;0;0;0;0.22844;-0.098701;0.00091652;0.2286;-0.098861
278.5;1.6167;0.40802;-0.15511;0.35889;0;0;0;0;0;0;0;0;0;0;0;0;0;0.22886;-0.098837;0.00091189;0.22902;-0.098997
279;1.6215;0.40809;-0.15513;0.3576;0;0;0;0;0;0;0;0;0;0;0;0;0;0.22934;-0.098956;0.00090927;0.2295;-0.099116
279.5;1.6255;0.40788;-0.15509;0.35599;0;0;0;0;0;0;0;0;0;0;0;0;0;0.22973;-0.099093;0.00090765;0.22989;-0.099253
280;1.63;0.40787;-0.1551;0.35466;0;0;0;0;0;0;0;0;0;0;0;0;0;0.23015;-0.09921;0.00089896;0.23032;-0.099372
280.5;1.6344;0.40778;-0.15508;0.35301;0;0;0;0;0;0;0;0;0;0;0;0;0;0.23055;-0.099333;0.00090562;0.23071;-0.099495
281;1.6391;0.40777;-0.15513;0.35137;0;0;0;0;0;0;0;0;0;0;0;0;0;0.23098;-0.09945;0.00090413;0.23114;-0.099613
281.5;1.6438;0.40765;-0.15506;0.34948;0;0;0;0;0;0;0;0;0;0;0;0;0;0.23139;-0.099543;0.00090731;0.23156;-0.099705
282;1.6485;0.40762;-0.15509;0.34742;0;0;0;0;0;0;0;0;0;0;0;0;0;0.2318;-0.099662;0.00089809;0.23196;-0.099824
282.5;1.6531;0.4075;-0.15507;0.3452;0;0;0;0;0;0;0;0;0;0;0;0;0;0.23217;-0.09975;0.00089985;0.23233;-0.099913
283;1.6581;0.40741;-0.15503;0.34297;0;0;0;0;0;0;0;0;0;0;0;0;0;0.23225;-0.099739;0.00086315;0.23242;-0.099902
283.5;NaN;NaN;NaN;0.32737;0;0;0;0;0;0;0;0;0;0;0;0;0;0;0;0;0;0
284;NaN;NaN;NaN;0.28201;0;0;0;0;0;0;0;0;0;0;0;0;0;0;0;0;0;0
284.5;NaN;NaN;NaN;0.2404;0;0;0;0;0;0;0;0;0;0;0;0;0;0;0;0;0;0
285;NaN;NaN;NaN;0.19216;0;0;0;0;0;0;0;0;0;0;0;0;0;0;0;0;0;0
285.5;NaN;NaN;NaN;0.15452;0;0;0;0;0;0;0;0;0;0;0;0;0;0;0;0;0;0
286;NaN;NaN;NaN;0.11036;0;0;0;0;0;0;0;0;0;0;0;0;0;0;0;0;0;0
286.5;NaN;NaN;NaN;0.069933;0;0;0;0;0;0;0;0;0;0;0;0;0;0;0;0;0;0
287;NaN;NaN;NaN;0.029861;0;0;0;0;0;0;0;0;0;0;0;0;0;0;0;0;0;0
287.5;NaN;NaN;NaN;6.86e-05;0;0;0;0;0;0;0;0;0;0;0;0;0;0;0;0;0;0
