Date of Test;Material;Sample Geometry;Orientation [°];Test Number;Nominal Speed [mm/min];Thickness [mm];Central Width [mm];Gauge Width / Diameter [mm];Pixel to mm ratio [mm/px];Extensometer 1-4 [mm];Extensometer 2-3 [mm];Extensometer 5-6 [mm];;;;;
07/27/21;DP600Large;NT6;00;1;0.0798;0.28924;2;4;0;6;0.19999;0.4;;;;;
;;;;;;;;;;;;;;;;;
Time [s];U1 [mm];U2 [mm];U3 [mm];Force [kN];Ambient Temperature [°C];DIC Zone X 1 [px];DIC Zone Y 1 [px];DIC Zone X 2 [px];DIC Zone Y 2 [px];DIC Zone X 3 [px];DIC Zone Y 3 [px];DIC Zone X 4 [px];DIC Zone Y 4 [px];DIC Zone X 5 [px];DIC Zone Y 5 [px];DIC Zone X 6 [px];DIC Zone Y 6 [px]
0;0;0;0;-0.0017444;0;0;0;0;0;0;0;0;0;0;0;0;0
0.5;-4.1937e-05;1.6602e-06;-2.2023e-05;-0.0017346;0;0;0;0;0;0;0;0;0;0;0;0;0
0.999;5.5858e-05;4.4785e-05;9.2623e-06;-0.001715;0;0;0;0;0;0;0;0;0;0;0;0;0
1.499;-2.9313e-05;-1.4565e-05;-1.5589e-05;-0.0016954;0;0;0;0;0;0;0;0;0;0;0;0;0
2;4.2682e-05;-4.5002e-05;2.9639e-05;-0.0016562;0;0;0;0;0;0;0;0;0;0;0;0;0
2.5;0.00014093;-1.3652e-05;-2.3682e-05;-0.001617;0;0;0;0;0;0;0;0;0;0;0;0;0
2.999;0.00018836;-7.3744e-06;5.0935e-05;-0.0014602;0;0;0;0;0;0;0;0;0;0;0;0;0
3.499;0.00035304;7.7874e-05;-1.1618e-06;-0.0011172;0;0;0;0;0;0;0;0;0;0;0;0;0
3.999;0.00039868;5.7336e-05;3.5294e-05;-0.000637;0;0;0;0;0;0;0;0;0;0;0;0;0
4.5;0.00048177;-9.5024e-05;1.6163e-05;-0.0001568;0;0;0;0;0;0;0;0;0;0;0;0;0
5;0.00049188;9.1594e-06;4.8319e-05;0.000392;0;0;0;0;0;0;0;0;0;0;0;0;0
5.5;0.00048314;-7.3179e-05;1.9553e-05;0.000931;0;0;0;0;0;0;0;0;0;0;0;0;0
6;0.00048007;-6.568e-05;6.8519e-05;0.001421;0;0;0;0;0;0;0;0;0;0;0;0;0
6.499;0.00044431;1.1762e-05;0.00011932;0.0019012;0;0;0;0;0;0;0;0;0;0;0;0;0
7;0.00059256;-1.4131e-05;0.00012718;0.0023324;0;0;0;0;0;0;0;0;0;0;0;0;0
7.5;0.00046458;8.0407e-05;7.7342e-05;0.0026166;0;0;0;0;0;0;0;0;0;0;0;0;0
7.999;0.00052035;2.6685e-05;8.3204e-05;0.0027636;0;0;0;0;0;0;0;0;0;0;0;0;0
8.5;0.00062797;3.9819e-05;0.00011833;0.002842;0;0;0;0;0;0;0;0;0;0;0;0;0
9;0.00065578;2.6038e-05;0.000103;0.0031164;0;0;0;0;0;0;0;0;0;0;0;0;0
9.5;0.00076822;7.1101e-05;5.7261e-05;0.0036358;0;0;0;0;0;0;0;0;0;0;0;0;0
10;0.00095969;4.8283e-05;7.9159e-05;0.0043316;0;0;0;0;0;0;0;0;0;0;0;0;0
10.499;0.00087804;5.5212e-05;1.3558e-05;0.005194;0;0;0;0;0;0;0;0;0;0;0;0;0
11;0.0010354;2.5926e-05;5.5903e-05;0.0060564;0;0;0;0;0;0;0;0;0;0;0;0;0
11.499;0.0010043;3.8086e-05;5.5546e-05;0.0070364;0;0;0;0;0;0;0;0;0;0;0;0;0
12;0.0011137;2.9882e-05;0.00010288;0.0079282;0;0;0;0;0;0;0;0;0;0;0;0;0
12.5;0.0012386;4.7553e-05;0.00013398;0.0091042;0;0;0;0;0;0;0;0;0;0;0;0;0
13;0.0012893;3.5903e-05;0.00011276;0.01031;0;0;0;0;0;0;0;0;0;0;0;0;0
13.499;0.0014133;4.7708e-05;9.9677e-05;0.011505;0;0;0;0;0;0;0;0;0;0;0;0;0
14;0.0014942;3.7556e-05;0.0001073;0.012622;0;0;0;0;0;0;0;0;0;0;0;0;0
14.499;0.0015414;7.1671e-05;0.00010746;0.013857;0;0;0;0;0;0;0;0;0;0;0;0;0
15;0.0016924;4.466e-05;0.00012204;0.015376;0;0;0;0;0;0;0;0;0;0;0;0;0
15.499;0.0016955;8.2312e-05;6.7786e-05;0.016983;0;0;0;0;0;0;0;0;0;0;0;0;0
16;0.001828;7.3256e-05;0.00010502;0.018924;0;0;0;0;0;0;0;0;0;0;0;0;0
16.5;0.0018523;6.7121e-05;0.00010277;0.021001;0;0;0;0;0;0;0;0;0;0;0;0;0
16.999;0.0020287;0.00010013;0.00013044;0.023148;0;0;0;0;0;0;0;0;0;0;0;0;0
17.499;0.0019901;6.0542e-05;0.00019918;0.024961;0;0;0;0;0;0;0;0;0;0;0;0;0
18;0.0021469;0.00013611;0.00013791;0.027097;0;0;0;0;0;0;0;0;0;0;0;0;0
18.5;0.0021992;0.00017709;0.00013135;0.029204;0;0;0;0;0;0;0;0;0;0;0;0;0
19;0.0022789;0.00015259;0.00010525;0.031115;0;0;0;0;0;0;0;0;0;0;0;0;0
19.5;0.0023527;0.00017994;0.00010449;0.032957;0;0;0;0;0;0;0;0;0;0;0;0;0
20;0.0024845;0.00018641;8.5842e-05;0.034878;0;0;0;0;0;0;0;0;0;0;0;0;0
20.5;0.002472;0.00011717;0.00011577;0.03673;0;0;0;0;0;0;0;0;0;0;0;0;0
20.999;0.0025651;0.00016261;0.00011172;0.038416;0;0;0;0;0;0;0;0;0;0;0;0;0
21.5;0.0027815;0.00020422;6.9545e-05;0.040092;0;0;0;0;0;0;0;0;0;0;0;0;0
22;0.0027404;0.0001748;0.00012412;0.041885;0;0;0;0;0;0;0;0;0;0;0;0;0
22.499;0.0028057;0.00020834;8.7405e-05;0.043698;0;0;0;0;0;0;0;0;0;0;0;0;0
22.999;0.0028838;0.00012688;9.6056e-05;0.045247;0;0;0;0;0;0;0;0;0;0;0;0;0
23.5;0.0028939;0.00017182;6.904e-05;0.047079;0;0;0;0;0;0;0;0;0;0;0;0;0
23.999;0.0029474;0.00015362;0.00015516;0.048951;0;0;0;0;0;0;0;0;0;0;0;0;0
24.5;0.0030313;0.00022005;0.0001098;0.050842;0;0;0;0;0;0;0;0;0;0;0;0;0
25;0.0031976;0.00017291;0.00015762;0.05245;0;0;0;0;0;0;0;0;0;0;0;0;0
25.499;0.0032305;0.00019894;0.00012067;0.05437;0;0;0;0;0;0;0;0;0;0;0;0;0
26;0.0032843;0.00019823;0.00013439;0.056301;0;0;0;0;0;0;0;0;0;0;0;0;0
26.499;0.0034332;0.00019872;9.3241e-05;0.058094;0;0;0;0;0;0;0;0;0;0;0;0;0
27;0.0035283;0.00023006;0.00013924;0.059878;0;0;0;0;0;0;0;0;0;0;0;0;0
27.499;0.0035309;0.00018518;0.0001002;0.061818;0;0;0;0;0;0;0;0;0;0;0;0;0
27.999;0.0036508;0.00017793;0.00010703;0.063582;0;0;0;0;0;0;0;0;0;0;0;0;0
28.5;0.0036438;0.00018705;0.00012953;0.065484;0;0;0;0;0;0;0;0;0;0;0;0;0
29;0.0036881;0.00022315;0.00013649;0.067395;0;0;0;0;0;0;0;0;0;0;0;0;0
29.5;0.0038328;0.00018408;0.00015728;0.069286;0;0;0;0;0;0;0;0;0;0;0;0;0
29.999;0.003884;0.00021957;0.00016042;0.070893;0;0;0;0;0;0;0;0;0;0;0;0;0
30.499;0.0040366;0.00023623;8.3716e-05;0.072932;0;0;0;0;0;0;0;0;0;0;0;0;0
31;0.004027;0.00023633;9.8632e-05;0.074676;0;0;0;0;0;0;0;0;0;0;0;0;0
31.5;0.003996;0.0002192;9.7909e-05;0.07642;0;0;0;0;0;0;0;0;0;0;0;0;0
31.999;0.0041932;0.00018145;0.00017299;0.078155;0;0;0;0;0;0;0;0;0;0;0;0;0
32.5;0.0042951;0.00020255;7.1056e-05;0.080193;0;0;0;0;0;0;0;0;0;0;0;0;0
32.999;0.0043745;0.00020973;0.00016217;0.082055;0;0;0;0;0;0;0;0;0;0;0;0;0
33.499;0.0043997;0.00023634;0.00014336;0.083663;0;0;0;0;0;0;0;0;0;0;0;0;0
33.999;0.0043852;0.00025482;0.00014609;0.085544;0;0;0;0;0;0;0;0;0;0;0;0;0
34.5;0.0045636;0.00028254;0.00011956;0.087406;0;0;0;0;0;0;0;0;0;0;0;0;0
35;0.0045285;0.00023791;9.4627e-05;0.089131;0;0;0;0;0;0;0;0;0;0;0;0;0
35.5;0.0046504;0.0002613;0.0001476;0.090866;0;0;0;0;0;0;0;0;0;0;0;0;0
35.999;0.0047544;0.00029874;0.00014388;0.092747;0;0;0;0;0;0;0;0;0;0;0;0;0
36.5;0.0048208;0.00027941;0.00014203;0.094629;0;0;0;0;0;0;0;0;0;0;0;0;0
37;0.004876;0.00027769;0.00015181;0.096373;0;0;0;0;0;0;0;0;0;0;0;0;0
37.499;0.005048;0.00023613;0.00018594;0.098078;0;0;0;0;0;0;0;0;0;0;0;0;0
37.999;0.0050411;0.00023702;9.0252e-05;0.09995;0;0;0;0;0;0;0;0;0;0;0;0;0
38.5;0.0051378;0.00030375;8.805e-05;0.10182;0;0;0;0;0;0;0;0;0;0;0;0;0
38.999;0.0051791;0.0003297;7.9593e-05;0.10354;0;0;0;0;0;0;0;0;0;0;0;0;0
39.499;0.0052398;0.00030402;8.0265e-05;0.1054;0;0;0;0;0;0;0;0;0;0;0;0;0
40;0.0053227;0.00027037;0.00010392;0.10711;0;0;0;0;0;0;0;0;0;0;0;0;0
40.5;0.0053949;0.00033403;0.00011681;0.10881;0;0;0;0;0;0;0;0;0;0;0;0;0
40.999;0.0054506;0.00031164;5.8504e-05;0.11066;0;0;0;0;0;0;0;0;0;0;0;0;0
41.5;0.0056797;0.0002939;0.00010919;0.11238;0;0;0;0;0;0;0;0;0;0;0;0;0
42;0.0056842;0.00029857;0.00016867;0.11424;0;0;0;0;0;0;0;0;0;0;0;0;0
42.499;0.0058249;0.00027597;0.0001064;0.11611;0;0;0;0;0;0;0;0;0;0;0;0;0
43;0.0058926;0.00032382;0.00012487;0.11771;0;0;0;0;0;0;0;0;0;0;0;0;0
43.499;0.0059055;0.00037813;0.00011045;0.11959;0;0;0;0;0;0;0;0;0;0;0;0;0
43.999;0.0060293;0.00029821;0.00011039;0.12149;0;0;0;0;0;0;0;0;0;0;0;0;0
44.499;0.0062047;0.00037337;0.00011815;0.12325;0;0;0;0;0;0;0;0;0;0;0;0;0
45;0.0063057;0.00027637;0.00012724;0.12502;0;0;0;0;0;0;0;0;0;0;0;0;0
45.5;0.0061915;0.00031905;0.00010834;0.12708;0;0;0;0;0;0;0;0;0;0;0;0;0
46;0.0065157;0.00025539;0.00012178;0.12899;0;0;0;0;0;0;0;0;0;0;0;0;0
46.499;0.0064205;0.00033493;0.00015331;0.13059;0;0;0;0;0;0;0;0;0;0;0;0;0
46.999;0.006585;0.00030748;0.00010162;0.13251;0;0;0;0;0;0;0;0;0;0;0;0;0
47.499;0.0065142;0.00031659;6.1663e-05;0.1343;0;0;0;0;0;0;0;0;0;0;0;0;0
48;0.0068294;0.0003634;0.00014374;0.13626;0;0;0;0;0;0;0;0;0;0;0;0;0
48.499;0.00684;0.0003512;0.00015974;0.13809;0;0;0;0;0;0;0;0;0;0;0;0;0
49;0.0069737;0.00031312;7.898e-05;0.14012;0;0;0;0;0;0;0;0;0;0;0;0;0
49.5;0.0069584;0.00032384;0.00018617;0.14217;0;0;0;0;0;0;0;0;0;0;0;0;0
49.999;0.0071738;0.00030892;0.00012423;0.14427;0;0;0;0;0;0;0;0;0;0;0;0;0
50.499;0.0072944;0.00033046;0.00012617;0.14607;0;0;0;0;0;0;0;0;0;0;0;0;0
50.999;0.0072699;0.00042352;0.00014601;0.14822;0;0;0;0;0;0;0;0;0;0;0;0;0
51.499;0.0074386;0.00044255;0.00013555;0.15041;0;0;0;0;0;0;0;0;0;0;0;0;0
52;0.0075186;0.00034258;0.00013377;0.15245;0;0;0;0;0;0;0;0;0;0;0;0;0
52.5;0.0076242;0.00037847;0.0001576;0.15451;0;0;0;0;0;0;0;0;0;0;0;0;0
52.999;0.0077145;0.00042075;0.00012617;0.15675;0;0;0;0;0;0;0;0;0;0;0;0;0
53.5;0.0078667;0.00047218;8.1294e-05;0.15884;0;0;0;0;0;0;0;0;0;0;0;0;0
54;0.0079849;0.00042962;0.00010092;0.16109;0;0;0;0;0;0;0;0;0;0;0;0;0
54.499;0.0080661;0.0004384;0.000103;0.16336;0;0;0;0;0;0;0;0;0;0;0;0;0
55;0.0081081;0.00045971;0.00011617;0.16528;0;0;0;0;0;0;0;0;0;0;0;0;0
55.5;0.0083657;0.00046402;0.00010573;0.16755;0;0;0;0;0;0;0;0;0;0;0;0;0
55.999;0.0083889;0.00042481;5.7121e-05;0.16981;0;0;0;0;0;0;0;0;0;0;0;0;0
56.499;0.0085174;0.00043292;0.00010483;0.1719;0;0;0;0;0;0;0;0;0;0;0;0;0
57;0.0087189;0.00047865;6.4767e-05;0.17417;0;0;0;0;0;0;0;0;0;0;0;0;0
57.499;0.0089566;0.00050698;0.00012162;0.17646;0;0;0;0;0;0;0;0;0;0;0;0;0
58;0.0089777;0.00055945;8.4259e-05;0.1786;0;0;0;0;0;0;0;0;0;0;0;0;0
58.499;0.0092588;0.00051283;0.00011089;0.18092;0;0;0;0;0;0;0;0;0;0;0;0;0
58.999;0.0092424;0.0004599;0.00010631;0.18289;0;0;0;0;0;0;0;0;0;0;0;0;0
59.499;0.0094132;0.00049951;0.00013154;0.18523;0;0;0;0;0;0;0;0;0;0;0;0;0
60;0.009595;0.00052516;8.4127e-05;0.18777;0;0;0;0;0;0;0;0;0;0;0;0;0
60.499;0.0097368;0.00046678;9.4018e-05;0.18978;0;0;0;0;0;0;0;0;0;0;0;0;0
60.999;0.0099031;0.00048223;0.0001394;0.19216;0;0;0;0;0;0;0;0;0;0;0;0;0
61.5;0.010048;0.00057123;0.0001075;0.19453;0;0;0;0;0;0;0;0;0;0;0;0;0
62;0.010257;0.00054189;5.0463e-05;0.19653;0;0;0;0;0;0;0;0;0;0;0;0;0
62.5;0.010376;0.00058543;3.3395e-05;0.1989;0;0;0;0;0;0;0;0;0;0;0;0;0
62.999;0.010516;0.00054726;8.3353e-05;0.20126;0;0;0;0;0;0;0;0;0;0;0;0;0
63.5;0.010702;0.00065507;7.3586e-05;0.20361;0;0;0;0;0;0;0;0;0;0;0;0;0
64;0.010929;0.00063605;8.0367e-05;0.20578;0;0;0;0;0;0;0;0;0;0;0;0;0
64.5;0.011056;0.00064903;4.6915e-05;0.2081;0;0;0;0;0;0;0;0;0;0;0;0;0
65;0.011192;0.00067966;4.8769e-05;0.21024;0;0;0;0;0;0;0;0;0;0;0;0;0
65.499;0.011421;0.00068473;-1.7687e-05;0.21254;0;0;0;0;0;0;0;0;0;0;0;0;0
66;0.011704;0.00069519;3.1263e-05;0.21449;0;0;0;0;0;0;0;0;0;0;0;0;0
66.499;0.011845;0.0006943;3.4892e-05;0.2168;0;0;0;0;0;0;0;0;0;0;0;0;0
66.999;0.012244;0.0007511;2.7136e-05;0.2191;0;0;0;0;0;0;0;0;0;0;0;0;0
67.5;0.012238;0.00074157;-2.3101e-05;0.22141;0;0;0;0;0;0;0;0;0;0;0;0;0
68;0.012577;0.00075979;-3.6584e-05;0.22355;0;0;0;0;0;0;0;0;0;0;0;0;0
68.499;0.01281;0.00079242;-3.2584e-05;0.22568;0;0;0;0;0;0;0;0;0;0;0;0;0
68.999;0.013004;0.00076602;3.3464e-05;0.22799;0;0;0;0;0;0;0;0;0;0;0;0;0
69.5;0.013317;0.00082234;-5.4222e-05;0.23009;0;0;0;0;0;0;0;0;0;0;0;0;0
69.999;0.013462;0.0008077;-5.7422e-05;0.23236;0;0;0;0;0;0;0;0;0;0;0;0;0
70.5;0.013866;0.00091005;-5.102e-05;0.2344;0;0;0;0;0;0;0;0;0;0;0;0;0
70.999;0.014069;0.00081196;-3.435e-05;0.23658;0;0;0;0;0;0;0;0;0;0;0;0;0
71.5;0.014385;0.00089234;-0.00010141;0.23854;0;0;0;0;0;0;0;0;0;0;0;0;0
72;0.014666;0.00097258;-7.3577e-05;0.24048;0;0;0;0;0;0;0;0;0;0;0;0;0
72.5;0.014942;0.00094389;-0.00012237;0.2427;0;0;0;0;0;0;0;0;0;0;0;0;0
73;0.015184;0.0010546;-8.4601e-05;0.24457;0;0;0;0;0;0;0;0;0;0;0;0;0
73.5;0.015555;0.0010542;-9.7833e-05;0.24642;0;0;0;0;0;0;0;0;0;0;0;0;0
73.999;0.015779;0.0010772;-0.00011504;0.24839;0;0;0;0;0;0;0;0;0;0;0;0;0
74.499;0.016129;0.0011237;-0.00013478;0.25035;0;0;0;0;0;0;0;0;0;0;0;0;0
74.999;0.016438;0.0011628;-0.00016648;0.25211;0;0;0;0;0;0;0;0;0;0;0;0;0
75.499;0.016773;0.0011617;-0.0001443;0.25399;0;0;0;0;0;0;0;0;0;0;0;0;0
76;0.017067;0.0012475;-0.00012508;0.25568;0;0;0;0;0;0;0;0;0;0;0;0;0
76.5;0.017464;0.0012679;-0.00022161;0.25747;0;0;0;0;0;0;0;0;0;0;0;0;0
76.999;0.01787;0.0013304;-0.00022059;0.25908;0;0;0;0;0;0;0;0;0;0;0;0;0
77.499;0.018262;0.0013365;-0.00020778;0.26066;0;0;0;0;0;0;0;0;0;0;0;0;0
78.008;0.018537;0.0013563;-0.00020163;0.26233;0;0;0;0;0;0;0;0;0;0;0;0;0
78.499;0.018918;0.0014313;-0.00026576;0.26395;0;0;0;0;0;0;0;0;0;0;0;0;0
79;0.019395;0.0015699;-0.00026373;0.26556;0;0;0;0;0;0;0;0;0;0;0;0;0
79.499;0.019628;0.0015462;-0.00030844;0.26689;0;0;0;0;0;0;0;0;0;0;0;0;0
79.999;0.020038;0.0015636;-0.00028023;0.26844;0;0;0;0;0;0;0;0;0;0;0;0;0
80.5;0.020488;0.0016172;-0.00028556;0.26985;0;0;0;0;0;0;0;0;0;0;0;0;0
81;0.020929;0.001758;-0.00032336;0.27121;0;0;0;0;0;0;0;0;0;0;0;0;0
81.499;0.021346;0.0017616;-0.00033592;0.27266;0;0;0;0;0;0;0;0;0;0;0;0;0
81.999;0.021663;0.0018514;-0.00034793;0.27407;0;0;0;0;0;0;0;0;0;0;0;0;0
82.499;0.022211;0.001923;-0.00036209;0.27532;0;0;0;0;0;0;0;0;0;0;0;0;0
82.999;0.022484;0.0018889;-0.00037303;0.27665;0;0;0;0;0;0;0;0;0;0;0;0;0
83.499;0.023048;0.0019106;-0.00041554;0.27787;0;0;0;0;0;0;0;0;0;0;0;0;0
83.999;0.023362;0.0020321;-0.00044741;0.27915;0;0;0;0;0;0;0;0;0;0;0;0;0
84.499;0.02389;0.0020993;-0.00045741;0.2803;0;0;0;0;0;0;0;0;0;0;0;0;0
84.999;0.024388;0.0021396;-0.00042906;0.28152;0;0;0;0;0;0;0;0;0;0;0;0;0
85.499;0.024815;0.0022146;-0.00046737;0.28274;0;0;0;0;0;0;0;0;0;0;0;0;0
85.999;0.025302;0.0022489;-0.00049106;0.28384;0;0;0;0;0;0;0;0;0;0;0;0;0
86.499;0.025588;0.002332;-0.0005721;0.28492;0;0;0;0;0;0;0;0;0;0;0;0;0
87;0.025934;0.0023597;-0.00053583;0.28606;0;0;0;0;0;0;0;0;0;0;0;0;0
87.5;0.026437;0.0024114;-0.00058437;0.28708;0;0;0;0;0;0;0;0;0;0;0;0;0
88;0.026961;0.0024419;-0.00060806;0.28818;0;0;0;0;0;0;0;0;0;0;0;0;0
88.499;0.027393;0.0025653;-0.00059593;0.28917;0;0;0;0;0;0;0;0;0;0;0;0;0
88.999;0.027798;0.0025666;-0.00057663;0.29024;0;0;0;0;0;0;0;0;0;0;0;0;0
89.499;0.028232;0.0026305;-0.00059038;0.29129;0;0;0;0;0;0;0;0;0;0;0;0;0
90;0.028762;0.0026373;-0.00061722;0.29223;0;0;0;0;0;0;0;0;0;0;0;0;0
90.499;0.029197;0.0027091;-0.00072246;0.29316;0;0;0;0;0;0;0;0;0;0;0;0;0
90.999;0.029677;0.0027149;-0.0006989;0.29418;0;0;0;0;0;0;0;0;0;0;0;0;0
91.499;0.030261;0.0027356;-0.00073626;0.29517;0;0;0;0;0;0;0;0;0;0;0;0;0
92;0.030741;0.002839;-0.00067844;0.29608;0;0;0;0;0;0;0;0;0;0;0;0;0
92.499;0.031147;0.0029026;-0.00073756;0.29706;0;0;0;0;0;0;0;0;0;0;0;0;0
92.999;0.031653;0.0029162;-0.00072101;0.29794;0;0;0;0;0;0;0;0;0;0;0;0;0
93.5;0.032149;0.002923;-0.00072999;0.29881;0;0;0;0;0;0;0;0;0;0;0;0;0
94;0.032582;0.0030122;-0.00070399;0.29969;0;0;0;0;0;0;0;0;0;0;0;0;0
94.499;0.033093;0.0030756;-0.00082526;0.30063;0;0;0;0;0;0;0;0;0;0;0;0;0
94.999;0.033543;0.0031174;-0.00083405;0.30162;0;0;0;0;0;0;0;0;0;0;0;0;0
95.499;0.034065;0.0031905;-0.00083869;0.3024;0;0;0;0;0;0;0;0;0;0;0;0;0
95.999;0.03453;0.0032339;-0.00077909;0.30323;0;0;0;0;0;0;0;0;0;0;0;0;0
96.5;0.035059;0.0032777;-0.00090343;0.30413;0;0;0;0;0;0;0;0;0;0;0;0;0
96.999;0.035532;0.0033911;-0.00089393;0.30508;0;0;0;0;0;0;0;0;0;0;0;0;0
97.499;0.036066;0.0033906;-0.00091565;0.30583;0;0;0;0;0;0;0;0;0;0;0;0;0
97.999;0.036553;0.0034409;-0.00090415;0.30669;0;0;0;0;0;0;0;0;0;0;0;0;0
98.5;0.037102;0.0034687;-0.00092623;0.30754;0;0;0;0;0;0;0;0;0;0;0;0;0
98.999;0.037605;0.0035365;-0.00095319;0.30832;0;0;0;0;0;0;0;0;0;0;0;0;0
99.5;0.038025;0.0035791;-0.0010244;0.30908;0;0;0;0;0;0;0;0;0;0;0;0;0
99.999;0.038525;0.0036134;-0.00098534;0.30991;0;0;0;0;0;0;0;0;0;0;0;0;0
100.5;0.03902;0.0036472;-0.0010201;0.31071;0;0;0;0;0;0;0;0;0;0;0;0;0
101;0.039773;0.003713;-0.0010006;0.31143;0;0;0;0;0;0;0;0;0;0;0;0;0
101.5;0.040006;0.003819;-0.0010784;0.31218;0;0;0;0;0;0;0;0;0;0;0;0;0
102;0.040668;0.0038354;-0.0010632;0.31295;0;0;0;0;0;0;0;0;0;0;0;0;0
102.5;0.04118;0.0038631;-0.0010995;0.31373;0;0;0;0;0;0;0;0;0;0;0;0;0
103;0.041587;0.0039767;-0.0011046;0.31445;0;0;0;0;0;0;0;0;0;0;0;0;0
103.5;0.042124;0.0039179;-0.0011024;0.31515;0;0;0;0;0;0;0;0;0;0;0;0;0
104;0.042525;0.004018;-0.0011245;0.31589;0;0;0;0;0;0;0;0;0;0;0;0;0
104.5;0.043196;0.0040763;-0.0011625;0.31664;0;0;0;0;0;0;0;0;0;0;0;0;0
105;0.043692;0.0040809;-0.0011886;0.31727;0;0;0;0;0;0;0;0;0;0;0;0;0
105.5;0.044139;0.0041892;-0.0012824;0.31804;0;0;0;0;0;0;0;0;0;0;0;0;0
106;0.044641;0.004182;-0.0012547;0.31872;0;0;0;0;0;0;0;0;0;0;0;0;0
106.5;0.04521;0.004231;-0.0012743;0.31937;0;0;0;0;0;0;0;0;0;0;0;0;0
107;0.045747;0.0043311;-0.0013005;0.32009;0;0;0;0;0;0;0;0;0;0;0;0;0
107.5;0.046132;0.004366;-0.0013792;0.3208;0;0;0;0;0;0;0;0;0;0;0;0;0
108;0.046789;0.0043941;-0.0013041;0.32152;0;0;0;0;0;0;0;0;0;0;0;0;0
108.5;0.047256;0.00448;-0.0014042;0.3221;0;0;0;0;0;0;0;0;0;0;0;0;0
109;0.047764;0.0044734;-0.0013419;0.32279;0;0;0;0;0;0;0;0;0;0;0;0;0
109.5;0.048268;0.0045858;-0.0013809;0.32347;0;0;0;0;0;0;0;0;0;0;0;0;0
110;0.048862;0.0046148;-0.0014871;0.32403;0;0;0;0;0;0;0;0;0;0;0;0;0
110.5;0.049385;0.0045985;-0.0014214;0.3247;0;0;0;0;0;0;0;0;0;0;0;0;0
111;0.050109;0.004713;-0.0015468;0.32535;0;0;0;0;0;0;0;0;0;0;0;0;0
111.5;0.050402;0.0047764;-0.0015122;0.32599;0;0;0;0;0;0;0;0;0;0;0;0;0
112;0.050915;0.0048467;-0.0016006;0.32654;0;0;0;0;0;0;0;0;0;0;0;0;0
112.5;0.051447;0.0049388;-0.0015347;0.32717;0;0;0;0;0;0;0;0;0;0;0;0;0
113;0.051971;0.0048962;-0.0015319;0.32779;0;0;0;0;0;0;0;0;0;0;0;0;0
113.5;0.052407;0.0049846;-0.0016251;0.32843;0;0;0;0;0;0;0;0;0;0;0;0;0
114;0.052904;0.0050728;-0.0016179;0.329;0;0;0;0;0;0;0;0;0;0;0;0;0
114.5;0.053488;0.0052116;-0.0016923;0.32956;0;0;0;0;0;0;0;0;0;0;0;0;0
115;0.054116;0.0051907;-0.001722;0.33018;0;0;0;0;0;0;0;0;0;0;0;0;0
115.5;0.054764;0.0052378;-0.0017298;0.3308;0;0;0;0;0;0;0;0;0;0;0;0;0
116;0.055253;0.005315;-0.0017206;0.33131;0;0;0;0;0;0;0;0;0;0;0;0;0
116.5;0.055816;0.005397;-0.0017529;0.33192;0;0;0;0;0;0;0;0;0;0;0;0;0
117;0.056261;0.0054164;-0.0017813;0.33251;0;0;0;0;0;0;0;0;0;0;0;0;0
117.5;0.056793;0.0054611;-0.0018736;0.33307;0;0;0;0;0;0;0;0;0;0;0;0;0
118;0.05728;0.0054399;-0.0018372;0.33368;0;0;0;0;0;0;0;0;0;0;0;0;0
118.5;0.057783;0.0055157;-0.0018668;0.33423;0;0;0;0;0;0;0;0;0;0;0;0;0
119;0.05838;0.0055389;-0.0019432;0.33481;0;0;0;0;0;0;0;0;0;0;0;0;0
119.5;0.058944;0.0056486;-0.0019282;0.33539;0;0;0;0;0;0;0;0;0;0;0;0;0
120;0.059546;0.0056616;-0.0019733;0.33588;0;0;0;0;0;0;0;0;0;0;0;0;0
120.5;0.059968;0.0058262;-0.0020312;0.33648;0;0;0;0;0;0;0;0;0;0;0;0;0
121;0.060636;0.0058282;-0.0020543;0.33701;0;0;0;0;0;0;0;0;0;0;0;0;0
121.5;0.061117;0.0058401;-0.0019869;0.33752;0;0;0;0;0;0;0;0;0;0;0;0;0
122;0.061635;0.0059224;-0.0020732;0.33803;0;0;0;0;0;0;0;0;0;0;0;0;0
122.5;0.062245;0.0059581;-0.0021492;0.33858;0;0;0;0;0;0;0;0;0;0;0;0;0
123;0.062809;0.0060799;-0.0021482;0.33912;0;0;0;0;0;0;0;0;0;0;0;0;0
123.5;0.063264;0.0061294;-0.0022132;0.33961;0;0;0;0;0;0;0;0;0;0;0;0;0
124;0.063836;0.0061308;-0.0022004;0.34011;0;0;0;0;0;0;0;0;0;0;0;0;0
124.5;0.064456;0.0061426;-0.0022173;0.34064;0;0;0;0;0;0;0;0;0;0;0;0;0
125;0.064923;0.0062712;-0.0021894;0.34117;0;0;0;0;0;0;0;0;0;0;0;0;0
125.5;0.065501;0.0063295;-0.00223;0.3417;0;0;0;0;0;0;0;0;0;0;0;0;0
126;0.066044;0.0063934;-0.0023558;0.34218;0;0;0;0;0;0;0;0;0;0;0;0;0
126.5;0.066655;0.0064105;-0.0023157;0.34269;0;0;0;0;0;0;0;0;0;0;0;0;0
127;0.067078;0.0065463;-0.0023611;0.34316;0;0;0;0;0;0;0;0;0;0;0;0;0
127.5;0.067722;0.0065241;-0.0023402;0.34362;0;0;0;0;0;0;0;0;0;0;0;0;0
128;0.068266;0.0066147;-0.0023778;0.34411;0;0;0;0;0;0;0;0;0;0;0;0;0
128.5;0.06878;0.0067314;-0.0024371;0.3446;0;0;0;0;0;0;0;0;0;0;0;0;0
129;0.069333;0.006725;-0.0024081;0.34504;0;0;0;0;0;0;0;0;0;0;0;0;0
129.5;0.069917;0.0067947;-0.0025049;0.34548;0;0;0;0;0;0;0;0;0;0;0;0;0
130;0.070421;0.0068408;-0.0024967;0.34596;0;0;0;0;0;0;0;0;0;0;0;0;0
130.5;0.071027;0.0069684;-0.00245;0.34644;0;0;0;0;0;0;0;0;0;0;0;0;0
131;0.071499;0.0069406;-0.0025859;0.34688;0;0;0;0;0;0;0;0;0;0;0;0;0
131.5;0.072092;0.0070812;-0.0025942;0.34732;0;0;0;0;0;0;0;0;0;0;0;0;0
132;0.072566;0.0070554;-0.0026334;0.3478;0;0;0;0;0;0;0;0;0;0;0;0;0
132.5;0.073151;0.007104;-0.0026952;0.34826;0;0;0;0;0;0;0;0;0;0;0;0;0
133;0.07387;0.0071516;-0.0026984;0.3487;0;0;0;0;0;0;0;0;0;0;0;0;0
133.5;0.074317;0.0073059;-0.0026911;0.34913;0;0;0;0;0;0;0;0;0;0;0;0;0
134;0.074845;0.0073315;-0.002687;0.34959;0;0;0;0;0;0;0;0;0;0;0;0;0
134.5;0.075421;0.0074234;-0.0027153;0.35004;0;0;0;0;0;0;0;0;0;0;0;0;0
135;0.076016;0.007465;-0.0028274;0.35041;0;0;0;0;0;0;0;0;0;0;0;0;0
135.5;0.076564;0.0075027;-0.0028279;0.35084;0;0;0;0;0;0;0;0;0;0;0;0;0
136;0.077069;0.0075193;-0.0027987;0.35129;0;0;0;0;0;0;0;0;0;0;0;0;0
136.5;0.07774;0.0076414;-0.0028706;0.35171;0;0;0;0;0;0;0;0;0;0;0;0;0
137;0.07811;0.007722;-0.0029361;0.3521;0;0;0;0;0;0;0;0;0;0;0;0;0
137.5;0.078645;0.0077717;-0.0028966;0.35251;0;0;0;0;0;0;0;0;0;0;0;0;0
138;0.07932;0.007808;-0.002873;0.35293;0;0;0;0;0;0;0;0;0;0;0;0;0
138.5;0.079832;0.0078175;-0.002957;0.35331;0;0;0;0;0;0;0;0;0;0;0;0;0
139;0.080413;0.0079442;-0.0030226;0.35374;0;0;0;0;0;0;0;0;0;0;0;0;0
139.5;0.080967;0.0080004;-0.0030293;0.35413;0;0;0;0;0;0;0;0;0;0;0;0;0
140;0.081489;0.0080379;-0.0031099;0.35454;0;0;0;0;0;0;0;0;0;0;0;0;0
140.5;0.08208;0.0081478;-0.0030276;0.35494;0;0;0;0;0;0;0;0;0;0;0;0;0
141;0.082564;0.0081789;-0.0029803;0.35535;0;0;0;0;0;0;0;0;0;0;0;0;0
141.5;0.083135;0.0082593;-0.0030218;0.35572;0;0;0;0;0;0;0;0;0;0;0;0;0
142;0.083801;0.0083001;-0.0030661;0.35613;0;0;0;0;0;0;0;0;0;0;0;0;0
142.5;0.084373;0.0084299;-0.0031488;0.35654;0;0;0;0;0;0;0;0;0;0;0;0;0
143;0.085069;0.0084281;-0.0030878;0.35695;0;0;0;0;0;0;0;0;0;0;0;0;0
143.5;0.085427;0.0084812;-0.0031337;0.35729;0;0;0;0;0;0;0;0;0;0;0;0;0
144;0.086042;0.0085327;-0.0031466;0.35768;0;0;0;0;0;0;0;0;0;0;0;0;0
144.5;0.086588;0.008613;-0.0031969;0.35804;0;0;0;0;0;0;0;0;0;0;0;0;0
145;0.087116;0.0086863;-0.0031714;0.35844;0;0;0;0;0;0;0;0;0;0;0;0;0
145.5;0.087653;0.0087508;-0.0031559;0.35884;0;0;0;0;0;0;0;0;0;0;0;0;0
146;0.08825;0.0087639;-0.0032666;0.35915;0;0;0;0;0;0;0;0;0;0;0;0;0
146.5;0.088789;0.0088355;-0.0032398;0.35956;0;0;0;0;0;0;0;0;0;0;0;0;0
147;0.089392;0.0088824;-0.0033077;0.35993;0;0;0;0;0;0;0;0;0;0;0;0;0
147.5;0.089904;0.0089522;-0.0033101;0.36024;0;0;0;0;0;0;0;0;0;0;0;0;0
148;0.090459;0.0090152;-0.0032979;0.36061;0;0;0;0;0;0;0;0;0;0;0;0;0
148.5;0.091042;0.0090693;-0.0032647;0.36098;0;0;0;0;0;0;0;0;0;0;0;0;0
149;0.091624;0.009092;-0.0033014;0.36132;0;0;0;0;0;0;0;0;0;0;0;0;0
149.5;0.092179;0.0092063;-0.0033733;0.36168;0;0;0;0;0;0;0;0;0;0;0;0;0
150;0.09273;0.0092732;-0.003419;0.36202;0;0;0;0;0;0;0;0;0;0;0;0;0
150.5;0.093338;0.0093193;-0.0033725;0.36238;0;0;0;0;0;0;0;0;0;0;0;0;0
151;0.093984;0.0093923;-0.0033839;0.36272;0;0;0;0;0;0;0;0;0;0;0;0;0
151.5;0.094424;0.0094117;-0.0033346;0.36306;0;0;0;0;0;0;0;0;0;0;0;0;0
152;0.095072;0.0094144;-0.003397;0.36338;0;0;0;0;0;0;0;0;0;0;0;0;0
152.5;0.095677;0.0095337;-0.0034274;0.36377;0;0;0;0;0;0;0;0;0;0;0;0;0
153;0.096104;0.0095454;-0.0034073;0.36412;0;0;0;0;0;0;0;0;0;0;0;0;0
153.5;0.096721;0.0095972;-0.0034678;0.3644;0;0;0;0;0;0;0;0;0;0;0;0;0
154;0.097301;0.0096371;-0.0034482;0.36475;0;0;0;0;0;0;0;0;0;0;0;0;0
154.5;0.097985;0.0097811;-0.0034847;0.36506;0;0;0;0;0;0;0;0;0;0;0;0;0
155;0.098524;0.0097669;-0.0035393;0.36543;0;0;0;0;0;0;0;0;0;0;0;0;0
155.5;0.099072;0.0098329;-0.0035465;0.36572;0;0;0;0;0;0;0;0;0;0;0;0;0
156;0.099518;0.0098982;-0.0035192;0.36606;0;0;0;0;0;0;0;0;0;0;0;0;0
156.5;0.10028;0.0099746;-0.0035222;0.36639;0;0;0;0;0;0;0;0;0;0;0;0;0
157;0.1008;0.010007;-0.003579;0.36674;0;0;0;0;0;0;0;0;0;0;0;0;0
157.5;0.10137;0.010015;-0.0035634;0.36703;0;0;0;0;0;0;0;0;0;0;0;0;0
158;0.10197;0.010095;-0.0035771;0.36736;0;0;0;0;0;0;0;0;0;0;0;0;0
158.5;0.10252;0.010204;-0.0036916;0.36768;0;0;0;0;0;0;0;0;0;0;0;0;0
159;0.1032;0.010271;-0.0036242;0.36801;0;0;0;0;0;0;0;0;0;0;0;0;0
159.5;0.10372;0.010315;-0.0037157;0.36831;0;0;0;0;0;0;0;0;0;0;0;0;0
160;0.10437;0.010347;-0.0037285;0.36861;0;0;0;0;0;0;0;0;0;0;0;0;0
160.5;0.10491;0.010487;-0.0037882;0.36893;0;0;0;0;0;0;0;0;0;0;0;0;0
161;0.10551;0.010469;-0.0037974;0.36923;0;0;0;0;0;0;0;0;0;0;0;0;0
161.5;0.10608;0.010492;-0.0037685;0.36955;0;0;0;0;0;0;0;0;0;0;0;0;0
162;0.10662;0.010572;-0.0038234;0.3698;0;0;0;0;0;0;0;0;0;0;0;0;0
162.5;0.10724;0.010669;-0.0038236;0.37011;0;0;0;0;0;0;0;0;0;0;0;0;0
163;0.10767;0.010661;-0.0038776;0.37043;0;0;0;0;0;0;0;0;0;0;0;0;0
163.5;0.1082;0.010751;-0.0038995;0.3707;0;0;0;0;0;0;0;0;0;0;0;0;0
164;0.10885;0.010801;-0.0039213;0.37097;0;0;0;0;0;0;0;0;0;0;0;0;0
164.5;0.1094;0.010798;-0.0039367;0.37127;0;0;0;0;0;0;0;0;0;0;0;0;0
165;0.11014;0.01092;-0.0038551;0.37155;0;0;0;0;0;0;0;0;0;0;0;0;0
165.5;0.11071;0.010947;-0.0039463;0.37181;0;0;0;0;0;0;0;0;0;0;0;0;0
166;0.1111;0.011009;-0.0039978;0.3721;0;0;0;0;0;0;0;0;0;0;0;0;0
166.5;0.11197;0.011102;-0.0039958;0.37237;0;0;0;0;0;0;0;0;0;0;0;0;0
167;0.11213;0.011128;-0.0039927;0.37265;0;0;0;0;0;0;0;0;0;0;0;0;0
167.5;0.11287;0.011161;-0.0040149;0.37293;0;0;0;0;0;0;0;0;0;0;0;0;0
168;0.11343;0.011186;-0.0039768;0.37322;0;0;0;0;0;0;0;0;0;0;0;0;0
168.5;0.114;0.011286;-0.0040715;0.37351;0;0;0;0;0;0;0;0;0;0;0;0;0
169;0.11479;0.011334;-0.004086;0.37381;0;0;0;0;0;0;0;0;0;0;0;0;0
169.5;0.11529;0.011397;-0.0041487;0.37406;0;0;0;0;0;0;0;0;0;0;0;0;0
170;0.11591;0.011558;-0.0041019;0.37434;0;0;0;0;0;0;0;0;0;0;0;0;0
170.5;0.11653;0.011583;-0.004152;0.3746;0;0;0;0;0;0;0;0;0;0;0;0;0
171;0.11705;0.011701;-0.0042026;0.37491;0;0;0;0;0;0;0;0;0;0;0;0;0
171.5;0.11759;0.011657;-0.0042392;0.37514;0;0;0;0;0;0;0;0;0;0;0;0;0
172;0.1182;0.011771;-0.0042581;0.37542;0;0;0;0;0;0;0;0;0;0;0;0;0
172.5;0.11852;0.011823;-0.0042892;0.37567;0;0;0;0;0;0;0;0;0;0;0;0;0
173;0.11929;0.011924;-0.0042945;0.37594;0;0;0;0;0;0;0;0;0;0;0;0;0
173.5;0.11997;0.012009;-0.0043357;0.37618;0;0;0;0;0;0;0;0;0;0;0;0;0
174;0.12052;0.01201;-0.0043485;0.37645;0;0;0;0;0;0;0;0;0;0;0;0;0
174.5;0.12111;0.012068;-0.0043304;0.37671;0;0;0;0;0;0;0;0;0;0;0;0;0
175;0.12175;0.012112;-0.0043893;0.37693;0;0;0;0;0;0;0;0;0;0;0;0;0
175.5;0.12229;0.012208;-0.0043909;0.37718;0;0;0;0;0;0;0;0;0;0;0;0;0
176;0.12283;0.012277;-0.0044436;0.37744;0;0;0;0;0;0;0;0;0;0;0;0;0
176.5;0.1235;0.012323;-0.0044043;0.37769;0;0;0;0;0;0;0;0;0;0;0;0;0
177;0.12403;0.012406;-0.0044296;0.37794;0;0;0;0;0;0;0;0;0;0;0;0;0
177.5;0.12453;0.012465;-0.0044542;0.37816;0;0;0;0;0;0;0;0;0;0;0;0;0
178;0.12522;0.012528;-0.00444;0.37842;0;0;0;0;0;0;0;0;0;0;0;0;0
178.5;0.12576;0.012582;-0.0045331;0.37865;0;0;0;0;0;0;0;0;0;0;0;0;0
179;0.1263;0.012709;-0.0045854;0.37891;0;0;0;0;0;0;0;0;0;0;0;0;0
179.5;0.12706;0.01274;-0.0045796;0.37915;0;0;0;0;0;0;0;0;0;0;0;0;0
180;0.12755;0.012782;-0.0045729;0.37941;0;0;0;0;0;0;0;0;0;0;0;0;0
180.5;0.12811;0.012825;-0.0045881;0.37966;0;0;0;0;0;0;0;0;0;0;0;0;0
181;0.12877;0.012953;-0.004615;0.37989;0;0;0;0;0;0;0;0;0;0;0;0;0
181.5;0.12942;0.012996;-0.0045732;0.38012;0;0;0;0;0;0;0;0;0;0;0;0;0
182;0.12994;0.013051;-0.0046096;0.38036;0;0;0;0;0;0;0;0;0;0;0;0;0
182.5;0.13049;0.013127;-0.0046551;0.38058;0;0;0;0;0;0;0;0;0;0;0;0;0
183;0.13104;0.013183;-0.0046343;0.38082;0;0;0;0;0;0;0;0;0;0;0;0;0
183.5;0.13178;0.013301;-0.004695;0.38104;0;0;0;0;0;0;0;0;0;0;0;0;0
184;0.13226;0.013325;-0.0046153;0.38125;0;0;0;0;0;0;0;0;0;0;0;0;0
184.5;0.13296;0.013423;-0.0047126;0.38148;0;0;0;0;0;0;0;0;0;0;0;0;0
185;0.13343;0.013472;-0.0047035;0.3817;0;0;0;0;0;0;0;0;0;0;0;0;0
185.5;0.13407;0.013565;-0.0047178;0.38193;0;0;0;0;0;0;0;0;0;0;0;0;0
186;0.13472;0.013624;-0.0047395;0.38214;0;0;0;0;0;0;0;0;0;0;0;0;0
186.5;0.13525;0.013771;-0.0047239;0.38234;0;0;0;0;0;0;0;0;0;0;0;0;0
187;0.13601;0.013718;-0.0047711;0.38256;0;0;0;0;0;0;0;0;0;0;0;0;0
187.5;0.13644;0.013882;-0.0048732;0.38278;0;0;0;0;0;0;0;0;0;0;0;0;0
188;0.13712;0.013882;-0.0048495;0.383;0;0;0;0;0;0;0;0;0;0;0;0;0
188.5;0.13768;0.013923;-0.0048399;0.38321;0;0;0;0;0;0;0;0;0;0;0;0;0
189;0.13835;0.014056;-0.0048697;0.38342;0;0;0;0;0;0;0;0;0;0;0;0;0
189.5;0.13892;0.014019;-0.0049138;0.38366;0;0;0;0;0;0;0;0;0;0;0;0;0
190;0.13948;0.014142;-0.00487;0.38389;0;0;0;0;0;0;0;0;0;0;0;0;0
190.5;0.14003;0.014254;-0.0049818;0.38408;0;0;0;0;0;0;0;0;0;0;0;0;0
191;0.14067;0.01427;-0.0050267;0.3843;0;0;0;0;0;0;0;0;0;0;0;0;0
191.5;0.14126;0.014393;-0.0051581;0.38451;0;0;0;0;0;0;0;0;0;0;0;0;0
192;0.14189;0.014411;-0.00514;0.38472;0;0;0;0;0;0;0;0;0;0;0;0;0
192.5;0.14254;0.014492;-0.0051081;0.38491;0;0;0;0;0;0;0;0;0;0;0;0;0
193;0.14307;0.01458;-0.0052358;0.38513;0;0;0;0;0;0;0;0;0;0;0;0;0
193.5;0.14362;0.014689;-0.0052417;0.38534;0;0;0;0;0;0;0;0;0;0;0;0;0
194;0.14427;0.014823;-0.0052249;0.38553;0;0;0;0;0;0;0;0;0;0;0;0;0
194.5;0.14494;0.014829;-0.0053264;0.38572;0;0;0;0;0;0;0;0;0;0;0;0;0
195;0.14548;0.014857;-0.0053356;0.38593;0;0;0;0;0;0;0;0;0;0;0;0;0
195.5;0.14607;0.014977;-0.0054049;0.38611;0;0;0;0;0;0;0;0;0;0;0;0;0
196;0.14679;0.015011;-0.0054639;0.3863;0;0;0;0;0;0;0;0;0;0;0;0;0
196.5;0.14712;0.015127;-0.0055124;0.38652;0;0;0;0;0;0;0;0;0;0;0;0;0
197;0.14788;0.015151;-0.0055161;0.38672;0;0;0;0;0;0;0;0;0;0;0;0;0
197.5;0.14846;0.015346;-0.005606;0.38687;0;0;0;0;0;0;0;0;0;0;0;0;0
198;0.14902;0.015387;-0.0056696;0.38707;0;0;0;0;0;0;0;0;0;0;0;0;0
198.5;0.14972;0.015494;-0.0056265;0.38726;0;0;0;0;0;0;0;0;0;0;0;0;0
199;0.1502;0.015521;-0.0057304;0.38743;0;0;0;0;0;0;0;0;0;0;0;0;0
199.5;0.151;0.015583;-0.005755;0.38762;0;0;0;0;0;0;0;0;0;0;0;0;0
200;0.15145;0.015786;-0.0057635;0.38782;0;0;0;0;0;0;0;0;0;0;0;0;0
200.5;0.15211;0.015798;-0.0059061;0.388;0;0;0;0;0;0;0;0;0;0;0;0;0
201;0.1526;0.015915;-0.005883;0.38818;0;0;0;0;0;0;0;0;0;0;0;0;0
201.5;0.15331;0.015998;-0.0059377;0.38835;0;0;0;0;0;0;0;0;0;0;0;0;0
202;0.15385;0.016106;-0.0060173;0.38854;0;0;0;0;0;0;0;0;0;0;0;0;0
202.5;0.15453;0.016162;-0.0060307;0.38874;0;0;0;0;0;0;0;0;0;0;0;0;0
203;0.15508;0.016224;-0.0060254;0.38891;0;0;0;0;0;0;0;0;0;0;0;0;0
203.5;0.1556;0.016289;-0.0061176;0.38908;0;0;0;0;0;0;0;0;0;0;0;0;0
204;0.15627;0.016403;-0.0061154;0.38926;0;0;0;0;0;0;0;0;0;0;0;0;0
204.5;0.15682;0.016506;-0.0061286;0.38943;0;0;0;0;0;0;0;0;0;0;0;0;0
205;0.15757;0.016531;-0.0061532;0.3896;0;0;0;0;0;0;0;0;0;0;0;0;0
205.5;0.15809;0.016677;-0.0061919;0.38977;0;0;0;0;0;0;0;0;0;0;0;0;0
206;0.15868;0.016629;-0.0062076;0.38994;0;0;0;0;0;0;0;0;0;0;0;0;0
206.5;0.1592;0.01681;-0.0062884;0.3901;0;0;0;0;0;0;0;0;0;0;0;0;0
207;0.15978;0.016904;-0.0062776;0.39027;0;0;0;0;0;0;0;0;0;0;0;0;0
207.5;0.16048;0.016977;-0.0063563;0.39042;0;0;0;0;0;0;0;0;0;0;0;0;0
208;0.16119;0.017148;-0.006377;0.39058;0;0;0;0;0;0;0;0;0;0;0;0;0
208.5;0.16176;0.017187;-0.0064173;0.39075;0;0;0;0;0;0;0;0;0;0;0;0;0
209;0.16238;0.017247;-0.0064417;0.3909;0;0;0;0;0;0;0;0;0;0;0;0;0
209.5;0.16308;0.017367;-0.0063964;0.39107;0;0;0;0;0;0;0;0;0;0;0;0;0
210;0.16371;0.017398;-0.0063599;0.39121;0;0;0;0;0;0;0;0;0;0;0;0;0
210.5;0.1642;0.017518;-0.0064318;0.39137;0;0;0;0;0;0;0;0;0;0;0;0;0
211;0.16489;0.017541;-0.0064865;0.39154;0;0;0;0;0;0;0;0;0;0;0;0;0
211.5;0.16539;0.017665;-0.0064564;0.3917;0;0;0;0;0;0;0;0;0;0;0;0;0
212;0.16593;0.017732;-0.0065121;0.39184;0;0;0;0;0;0;0;0;0;0;0;0;0
212.5;0.16662;0.017905;-0.0065033;0.39198;0;0;0;0;0;0;0;0;0;0;0;0;0
213;0.1673;0.017961;-0.0065527;0.39213;0;0;0;0;0;0;0;0;0;0;0;0;0
213.5;0.16783;0.0181;-0.0065423;0.39227;0;0;0;0;0;0;0;0;0;0;0;0;0
214;0.16843;0.018129;-0.0065696;0.3924;0;0;0;0;0;0;0;0;0;0;0;0;0
214.5;0.16909;0.018237;-0.0065855;0.39255;0;0;0;0;0;0;0;0;0;0;0;0;0
215;0.16966;0.01839;-0.0066321;0.3927;0;0;0;0;0;0;0;0;0;0;0;0;0
215.5;0.17031;0.018455;-0.006665;0.39283;0;0;0;0;0;0;0;0;0;0;0;0;0
216;0.17093;0.018525;-0.0066968;0.39298;0;0;0;0;0;0;0;0;0;0;0;0;0
216.5;0.17173;0.018576;-0.0067481;0.39311;0;0;0;0;0;0;0;0;0;0;0;0;0
217;0.17217;0.018845;-0.0067971;0.39325;0;0;0;0;0;0;0;0;0;0;0;0;0
217.5;0.17277;0.018744;-0.006795;0.39338;0;0;0;0;0;0;0;0;0;0;0;0;0
218;0.17334;0.018888;-0.0068773;0.39351;0;0;0;0;0;0;0;0;0;0;0;0;0
218.5;0.17384;0.019018;-0.006911;0.39365;0;0;0;0;0;0;0;0;0;0;0;0;0
219;0.17458;0.01908;-0.0068586;0.39377;0;0;0;0;0;0;0;0;0;0;0;0;0
219.5;0.17507;0.01916;-0.0068955;0.39391;0;0;0;0;0;0;0;0;0;0;0;0;0
220;0.1757;0.01925;-0.0069602;0.39403;0;0;0;0;0;0;0;0;0;0;0;0;0
220.5;0.17636;0.019345;-0.0068757;0.39417;0;0;0;0;0;0;0;0;0;0;0;0;0
221;0.17699;0.01948;-0.0070151;0.3943;0;0;0;0;0;0;0;0;0;0;0;0;0
221.5;0.17754;0.019521;-0.0070719;0.39445;0;0;0;0;0;0;0;0;0;0;0;0;0
222;0.17812;0.019608;-0.0071739;0.39458;0;0;0;0;0;0;0;0;0;0;0;0;0
222.5;0.17876;0.019707;-0.0071357;0.39471;0;0;0;0;0;0;0;0;0;0;0;0;0
223;0.17938;0.019811;-0.0071822;0.39484;0;0;0;0;0;0;0;0;0;0;0;0;0
223.5;0.17994;0.019919;-0.0072639;0.39497;0;0;0;0;0;0;0;0;0;0;0;0;0
224;0.18055;0.020022;-0.0072934;0.39508;0;0;0;0;0;0;0;0;0;0;0;0;0
224.5;0.18115;0.020105;-0.0073129;0.3952;0;0;0;0;0;0;0;0;0;0;0;0;0
225;0.18173;0.020199;-0.0073218;0.39534;0;0;0;0;0;0;0;0;0;0;0;0;0
225.5;0.18237;0.020306;-0.0074031;0.39547;0;0;0;0;0;0;0;0;0;0;0;0;0
226;0.18309;0.02035;-0.0074649;0.39557;0;0;0;0;0;0;0;0;0;0;0;0;0
226.5;0.18358;0.020532;-0.0076082;0.39569;0;0;0;0;0;0;0;0;0;0;0;0;0
227;0.18431;0.020606;-0.0075972;0.39583;0;0;0;0;0;0;0;0;0;0;0;0;0
227.5;0.1847;0.020691;-0.0076913;0.39596;0;0;0;0;0;0;0;0;0;0;0;0;0
228;0.18536;0.020814;-0.0077135;0.39608;0;0;0;0;0;0;0;0;0;0;0;0;0
228.5;0.18609;0.020867;-0.0077149;0.39619;0;0;0;0;0;0;0;0;0;0;0;0;0
229;0.18671;0.02097;-0.0078208;0.39632;0;0;0;0;0;0;0;0;0;0;0;0;0
229.5;0.18704;0.021072;-0.0078181;0.39644;0;0;0;0;0;0;0;0;0;0;0;0;0
230;0.18782;0.021232;-0.0078481;0.39655;0;0;0;0;0;0;0;0;0;0;0;0;0
230.5;0.18843;0.021284;-0.0079591;0.39665;0;0;0;0;0;0;0;0;0;0;0;0;0
231;0.18904;0.021397;-0.0080669;0.39677;0;0;0;0;0;0;0;0;0;0;0;0;0
231.5;0.18954;0.021521;-0.0080297;0.39689;0;0;0;0;0;0;0;0;0;0;0;0;0
232;0.19022;0.021705;-0.0081235;0.39699;0;0;0;0;0;0;0;0;0;0;0;0;0
232.5;0.19091;0.021743;-0.0081537;0.39711;0;0;0;0;0;0;0;0;0;0;0;0;0
233;0.19177;0.021917;-0.0082241;0.39719;0;0;0;0;0;0;0;0;0;0;0;0;0
233.5;0.19203;0.02194;-0.0082914;0.3973;0;0;0;0;0;0;0;0;0;0;0;0;0
234;0.19284;0.022098;-0.0082445;0.39742;0;0;0;0;0;0;0;0;0;0;0;0;0
234.5;0.19311;0.022174;-0.0083063;0.39753;0;0;0;0;0;0;0;0;0;0;0;0;0
235;0.19408;0.022345;-0.0083813;0.39764;0;0;0;0;0;0;0;0;0;0;0;0;0
235.5;0.19465;0.022365;-0.0083498;0.39774;0;0;0;0;0;0;0;0;0;0;0;0;0
236;0.19528;0.022529;-0.0084285;0.39785;0;0;0;0;0;0;0;0;0;0;0;0;0
236.5;0.19594;0.022652;-0.0084946;0.39796;0;0;0;0;0;0;0;0;0;0;0;0;0
237;0.19652;0.022733;-0.0085183;0.39807;0;0;0;0;0;0;0;0;0;0;0;0;0
237.5;0.19712;0.02283;-0.0085518;0.39817;0;0;0;0;0;0;0;0;0;0;0;0;0
238;0.19773;0.022934;-0.0086468;0.39826;0;0;0;0;0;0;0;0;0;0;0;0;0
238.5;0.19832;0.023061;-0.0085997;0.39837;0;0;0;0;0;0;0;0;0;0;0;0;0
239;0.19893;0.023202;-0.0086108;0.39847;0;0;0;0;0;0;0;0;0;0;0;0;0
239.5;0.19954;0.023272;-0.008631;0.39856;0;0;0;0;0;0;0;0;0;0;0;0;0
240;0.2002;0.023328;-0.0086725;0.39865;0;0;0;0;0;0;0;0;0;0;0;0;0
240.5;0.20091;0.023511;-0.0087154;0.39874;0;0;0;0;0;0;0;0;0;0;0;0;0
241;0.20143;0.023545;-0.0087504;0.39885;0;0;0;0;0;0;0;0;0;0;0;0;0
241.5;0.20208;0.023735;-0.008788;0.39893;0;0;0;0;0;0;0;0;0;0;0;0;0
242;0.20273;0.023823;-0.008837;0.39903;0;0;0;0;0;0;0;0;0;0;0;0;0
242.5;0.20336;0.023944;-0.0088533;0.3991;0;0;0;0;0;0;0;0;0;0;0;0;0
243;0.20397;0.024076;-0.0088713;0.3992;0;0;0;0;0;0;0;0;0;0;0;0;0
243.5;0.20448;0.02419;-0.0088748;0.39927;0;0;0;0;0;0;0;0;0;0;0;0;0
244;0.20516;0.024311;-0.0089405;0.39936;0;0;0;0;0;0;0;0;0;0;0;0;0
244.5;0.20584;0.024483;-0.0089046;0.39945;0;0;0;0;0;0;0;0;0;0;0;0;0
245;0.20639;0.024604;-0.0089663;0.39953;0;0;0;0;0;0;0;0;0;0;0;0;0
245.5;0.20733;0.024784;-0.0089969;0.39961;0;0;0;0;0;0;0;0;0;0;0;0;0
246;0.2077;0.024789;-0.0090335;0.39969;0;0;0;0;0;0;0;0;0;0;0;0;0
246.5;0.20836;0.024978;-0.0091196;0.39978;0;0;0;0;0;0;0;0;0;0;0;0;0
247;0.20896;0.025134;-0.0091579;0.39986;0;0;0;0;0;0;0;0;0;0;0;0;0
247.5;0.20955;0.025291;-0.0091879;0.39995;0;0;0;0;0;0;0;0;0;0;0;0;0
248;0.2102;0.025383;-0.0091435;0.40003;0;0;0;0;0;0;0;0;0;0;0;0;0
248.5;0.21064;0.025538;-0.0092366;0.4001;0;0;0;0;0;0;0;0;0;0;0;0;0
249;0.21164;0.025695;-0.0091766;0.40019;0;0;0;0;0;0;0;0;0;0;0;0;0
249.5;0.21243;0.025877;-0.0092997;0.40026;0;0;0;0;0;0;0;0;0;0;0;0;0
250;0.21284;0.026028;-0.0092648;0.40035;0;0;0;0;0;0;0;0;0;0;0;0;0
250.5;0.21336;0.026149;-0.0093925;0.40042;0;0;0;0;0;0;0;0;0;0;0;0;0
251;0.21405;0.026237;-0.0094388;0.4005;0;0;0;0;0;0;0;0;0;0;0;0;0
251.5;0.21465;0.026482;-0.0094906;0.40058;0;0;0;0;0;0;0;0;0;0;0;0;0
252;0.2154;0.02661;-0.0094998;0.40064;0;0;0;0;0;0;0;0;0;0;0;0;0
252.5;0.21587;0.026741;-0.0095266;0.40071;0;0;0;0;0;0;0;0;0;0;0;0;0
253;0.21642;0.026892;-0.0096092;0.40078;0;0;0;0;0;0;0;0;0;0;0;0;0
253.5;0.21711;0.027102;-0.0095604;0.40084;0;0;0;0;0;0;0;0;0;0;0;0;0
254;0.21768;0.027169;-0.0096669;0.40091;0;0;0;0;0;0;0;0;0;0;0;0;0
254.5;0.21846;0.027332;-0.00973;0.40098;0;0;0;0;0;0;0;0;0;0;0;0;0
255;0.21907;0.027488;-0.00976;0.40106;0;0;0;0;0;0;0;0;0;0;0;0;0
255.5;0.21972;0.027609;-0.0098032;0.40111;0;0;0;0;0;0;0;0;0;0;0;0;0
256;0.22036;0.027803;-0.009856;0.40118;0;0;0;0;0;0;0;0;0;0;0;0;0
256.5;0.22102;0.027869;-0.0098706;0.40126;0;0;0;0;0;0;0;0;0;0;0;0;0
257;0.22167;0.028103;-0.0099728;0.4013;0;0;0;0;0;0;0;0;0;0;0;0;0
257.5;0.22222;0.02823;-0.0099244;0.40138;0;0;0;0;0;0;0;0;0;0;0;0;0
258;0.22294;0.02837;-0.0099175;0.40143;0;0;0;0;0;0;0;0;0;0;0;0;0
258.5;0.22339;0.028558;-0.010093;0.40148;0;0;0;0;0;0;0;0;0;0;0;0;0
259;0.22416;0.028667;-0.010024;0.40154;0;0;0;0;0;0;0;0;0;0;0;0;0
259.5;0.22487;0.028824;-0.010123;0.40159;0;0;0;0;0;0;0;0;0;0;0;0;0
260;0.2255;0.028956;-0.010147;0.40164;0;0;0;0;0;0;0;0;0;0;0;0;0
260.5;0.22603;0.029174;-0.010175;0.40167;0;0;0;0;0;0;0;0;0;0;0;0;0
261;0.22677;0.029285;-0.010183;0.40172;0;0;0;0;0;0;0;0;0;0;0;0;0
261.5;0.22732;0.029482;-0.010256;0.40177;0;0;0;0;0;0;0;0;0;0;0;0;0
262;0.22804;0.029694;-0.010263;0.40183;0;0;0;0;0;0;0;0;0;0;0;0;0
262.5;0.22852;0.029807;-0.010303;0.40189;0;0;0;0;0;0;0;0;0;0;0;0;0
263;0.22919;0.029898;-0.010347;0.40194;0;0;0;0;0;0;0;0;0;0;0;0;0
263.5;0.22992;0.030161;-0.01034;0.40198;0;0;0;0;0;0;0;0;0;0;0;0;0
264;0.23064;0.030333;-0.010371;0.40204;0;0;0;0;0;0;0;0;0;0;0;0;0
264.5;0.23118;0.03059;-0.010434;0.4021;0;0;0;0;0;0;0;0;0;0;0;0;0
265;0.2318;0.030771;-0.010567;0.40216;0;0;0;0;0;0;0;0;0;0;0;0;0
265.5;0.23256;0.030949;-0.010513;0.4022;0;0;0;0;0;0;0;0;0;0;0;0;0
266;0.23302;0.031197;-0.010514;0.40226;0;0;0;0;0;0;0;0;0;0;0;0;0
266.5;0.2337;0.031333;-0.01061;0.40231;0;0;0;0;0;0;0;0;0;0;0;0;0
267;0.23427;0.031575;-0.010618;0.40236;0;0;0;0;0;0;0;0;0;0;0;0;0
267.5;0.23494;0.031776;-0.010729;0.40241;0;0;0;0;0;0;0;0;0;0;0;0;0
268;0.23585;0.031959;-0.010701;0.40244;0;0;0;0;0;0;0;0;0;0;0;0;0
268.5;0.23631;0.032174;-0.010736;0.40248;0;0;0;0;0;0;0;0;0;0;0;0;0
269;0.23699;0.032404;-0.010782;0.40251;0;0;0;0;0;0;0;0;0;0;0;0;0
269.5;0.23756;0.032648;-0.010901;0.40253;0;0;0;0;0;0;0;0;0;0;0;0;0
270;0.23808;0.032818;-0.01097;0.40256;0;0;0;0;0;0;0;0;0;0;0;0;0
270.5;0.23871;0.033148;-0.010988;0.4026;0;0;0;0;0;0;0;0;0;0;0;0;0
271;0.23957;0.033288;-0.011095;0.40263;0;0;0;0;0;0;0;0;0;0;0;0;0
271.5;0.23996;0.033523;-0.011153;0.40267;0;0;0;0;0;0;0;0;0;0;0;0;0
272;0.24052;0.033705;-0.011334;0.4027;0;0;0;0;0;0;0;0;0;0;0;0;0
272.5;0.24144;0.033877;-0.01131;0.40273;0;0;0;0;0;0;0;0;0;0;0;0;0
273;0.24202;0.034165;-0.011294;0.40276;0;0;0;0;0;0;0;0;0;0;0;0;0
273.5;0.24268;0.034406;-0.011411;0.40278;0;0;0;0;0;0;0;0;0;0;0;0;0
274;0.24319;0.034566;-0.011444;0.40281;0;0;0;0;0;0;0;0;0;0;0;0;0
274.5;0.24397;0.034773;-0.011525;0.40283;0;0;0;0;0;0;0;0;0;0;0;0;0
275;0.24453;0.034993;-0.011531;0.40286;0;0;0;0;0;0;0;0;0;0;0;0;0
275.5;0.24513;0.035277;-0.01157;0.40288;0;0;0;0;0;0;0;0;0;0;0;0;0
276;0.2458;0.035436;-0.011638;0.40291;0;0;0;0;0;0;0;0;0;0;0;0;0
276.5;0.24647;0.035613;-0.011645;0.40295;0;0;0;0;0;0;0;0;0;0;0;0;0
277;0.24711;0.035873;-0.011794;0.40297;0;0;0;0;0;0;0;0;0;0;0;0;0
277.5;0.24766;0.036096;-0.011806;0.40299;0;0;0;0;0;0;0;0;0;0;0;0;0
278;0.24839;0.036331;-0.011828;0.403;0;0;0;0;0;0;0;0;0;0;0;0;0
278.5;0.24897;0.036524;-0.011892;0.40302;0;0;0;0;0;0;0;0;0;0;0;0;0
279;0.2496;0.036682;-0.012017;0.40302;0;0;0;0;0;0;0;0;0;0;0;0;0
279.5;0.25032;0.036895;-0.012031;0.40303;0;0;0;0;0;0;0;0;0;0;0;0;0
280;0.25097;0.037109;-0.01202;0.40304;0;0;0;0;0;0;0;0;0;0;0;0;0
280.5;0.2517;0.037299;-0.01203;0.40305;0;0;0;0;0;0;0;0;0;0;0;0;0
281;0.25224;0.037517;-0.012092;0.40306;0;0;0;0;0;0;0;0;0;0;0;0;0
281.5;0.25287;0.037733;-0.012097;0.40308;0;0;0;0;0;0;0;0;0;0;0;0;0
282;0.25352;0.037919;-0.012118;0.4031;0;0;0;0;0;0;0;0;0;0;0;0;0
282.5;0.25418;0.038144;-0.012157;0.40312;0;0;0;0;0;0;0;0;0;0;0;0;0
283;0.25489;0.038323;-0.012244;0.40313;0;0;0;0;0;0;0;0;0;0;0;0;0
283.5;0.25542;0.038538;-0.012229;0.40314;0;0;0;0;0;0;0;0;0;0;0;0;0
284;0.25615;0.038708;-0.012259;0.40316;0;0;0;0;0;0;0;0;0;0;0;0;0
284.5;0.25677;0.038914;-0.012373;0.40317;0;0;0;0;0;0;0;0;0;0;0;0;0
285;0.25744;0.039099;-0.012346;0.40318;0;0;0;0;0;0;0;0;0;0;0;0;0
285.5;0.25809;0.039331;-0.012466;0.40319;0;0;0;0;0;0;0;0;0;0;0;0;0
286;0.25876;0.039516;-0.012502;0.40319;0;0;0;0;0;0;0;0;0;0;0;0;0
286.5;0.25937;0.039681;-0.012507;0.4032;0;0;0;0;0;0;0;0;0;0;0;0;0
287;0.26007;0.039963;-0.01264;0.40321;0;0;0;0;0;0;0;0;0;0;0;0;0
287.5;0.26065;0.040144;-0.012712;0.40321;0;0;0;0;0;0;0;0;0;0;0;0;0
288;0.2613;0.040337;-0.012743;0.40321;0;0;0;0;0;0;0;0;0;0;0;0;0
288.5;0.262;0.040496;-0.01276;0.40322;0;0;0;0;0;0;0;0;0;0;0;0;0
289;0.26256;0.040659;-0.012832;0.40322;0;0;0;0;0;0;0;0;0;0;0;0;0
289.5;0.26359;0.04086;-0.012917;0.40322;0;0;0;0;0;0;0;0;0;0;0;0;0
290;0.26382;0.041071;-0.012978;0.40322;0;0;0;0;0;0;0;0;0;0;0;0;0
290.5;0.26452;0.041215;-0.013102;0.40322;0;0;0;0;0;0;0;0;0;0;0;0;0
291;0.26516;0.04142;-0.013182;0.40321;0;0;0;0;0;0;0;0;0;0;0;0;0
291.5;0.26585;0.041579;-0.013274;0.40321;0;0;0;0;0;0;0;0;0;0;0;0;0
292;0.26657;0.041847;-0.013353;0.4032;0;0;0;0;0;0;0;0;0;0;0;0;0
292.5;0.26718;0.042057;-0.013434;0.40319;0;0;0;0;0;0;0;0;0;0;0;0;0
293;0.26777;0.042123;-0.013565;0.40318;0;0;0;0;0;0;0;0;0;0;0;0;0
293.5;0.26847;0.042387;-0.013658;0.40317;0;0;0;0;0;0;0;0;0;0;0;0;0
294;0.26904;0.042595;-0.013778;0.40315;0;0;0;0;0;0;0;0;0;0;0;0;0
294.5;0.26963;0.042789;-0.013804;0.40315;0;0;0;0;0;0;0;0;0;0;0;0;0
295;0.27048;0.043006;-0.013915;0.40314;0;0;0;0;0;0;0;0;0;0;0;0;0
295.5;0.27111;0.043147;-0.014007;0.40313;0;0;0;0;0;0;0;0;0;0;0;0;0
296;0.27174;0.043384;-0.014039;0.40313;0;0;0;0;0;0;0;0;0;0;0;0;0
296.5;0.27245;0.043589;-0.014145;0.40312;0;0;0;0;0;0;0;0;0;0;0;0;0
297;0.273;0.043794;-0.01428;0.40311;0;0;0;0;0;0;0;0;0;0;0;0;0
297.5;0.27361;0.044074;-0.014319;0.40311;0;0;0;0;0;0;0;0;0;0;0;0;0
298;0.27435;0.044237;-0.014422;0.4031;0;0;0;0;0;0;0;0;0;0;0;0;0
298.5;0.27499;0.044463;-0.014454;0.40309;0;0;0;0;0;0;0;0;0;0;0;0;0
299;0.27558;0.044686;-0.014555;0.40308;0;0;0;0;0;0;0;0;0;0;0;0;0
299.5;0.27622;0.044851;-0.014639;0.40307;0;0;0;0;0;0;0;0;0;0;0;0;0
300;0.27694;0.045092;-0.014742;0.40305;0;0;0;0;0;0;0;0;0;0;0;0;0
300.5;0.2775;0.045305;-0.014782;0.40305;0;0;0;0;0;0;0;0;0;0;0;0;0
301;0.27815;0.045576;-0.014801;0.40303;0;0;0;0;0;0;0;0;0;0;0;0;0
301.5;0.27894;0.045844;-0.014918;0.40302;0;0;0;0;0;0;0;0;0;0;0;0;0
302;0.27952;0.045982;-0.014951;0.40301;0;0;0;0;0;0;0;0;0;0;0;0;0
302.5;0.28023;0.046252;-0.015107;0.403;0;0;0;0;0;0;0;0;0;0;0;0;0
303;0.28071;0.046401;-0.015147;0.40299;0;0;0;0;0;0;0;0;0;0;0;0;0
303.5;0.28153;0.046745;-0.015206;0.40297;0;0;0;0;0;0;0;0;0;0;0;0;0
304;0.28222;0.046966;-0.015291;0.40296;0;0;0;0;0;0;0;0;0;0;0;0;0
304.5;0.28278;0.047133;-0.015326;0.40295;0;0;0;0;0;0;0;0;0;0;0;0;0
305;0.28339;0.047391;-0.015428;0.40294;0;0;0;0;0;0;0;0;0;0;0;0;0
305.5;0.28414;0.047617;-0.015501;0.40293;0;0;0;0;0;0;0;0;0;0;0;0;0
306;0.28474;0.047903;-0.015644;0.40291;0;0;0;0;0;0;0;0;0;0;0;0;0
306.5;0.28545;0.048144;-0.01567;0.40289;0;0;0;0;0;0;0;0;0;0;0;0;0
307;0.28608;0.048297;-0.015728;0.40289;0;0;0;0;0;0;0;0;0;0;0;0;0
307.5;0.28664;0.048558;-0.015823;0.40288;0;0;0;0;0;0;0;0;0;0;0;0;0
308;0.28732;0.048833;-0.015907;0.40287;0;0;0;0;0;0;0;0;0;0;0;0;0
308.5;0.28809;0.049046;-0.016058;0.40285;0;0;0;0;0;0;0;0;0;0;0;0;0
309;0.28868;0.049272;-0.0161;0.40285;0;0;0;0;0;0;0;0;0;0;0;0;0
309.5;0.28936;0.049554;-0.016185;0.40284;0;0;0;0;0;0;0;0;0;0;0;0;0
310;0.29008;0.049892;-0.01633;0.40283;0;0;0;0;0;0;0;0;0;0;0;0;0
310.5;0.29063;0.050051;-0.016337;0.40282;0;0;0;0;0;0;0;0;0;0;0;0;0
311;0.29128;0.050281;-0.016451;0.4028;0;0;0;0;0;0;0;0;0;0;0;0;0
311.5;0.29198;0.050576;-0.016534;0.40278;0;0;0;0;0;0;0;0;0;0;0;0;0
312;0.29267;0.050767;-0.016577;0.40276;0;0;0;0;0;0;0;0;0;0;0;0;0
312.5;0.29328;0.050949;-0.016702;0.40275;0;0;0;0;0;0;0;0;0;0;0;0;0
313;0.29391;0.051313;-0.01675;0.40273;0;0;0;0;0;0;0;0;0;0;0;0;0
313.5;0.29455;0.051561;-0.016863;0.40271;0;0;0;0;0;0;0;0;0;0;0;0;0
314;0.29527;0.051802;-0.016936;0.40269;0;0;0;0;0;0;0;0;0;0;0;0;0
314.5;0.29591;0.052065;-0.016996;0.40268;0;0;0;0;0;0;0;0;0;0;0;0;0
315;0.29645;0.052348;-0.01707;0.40267;0;0;0;0;0;0;0;0;0;0;0;0;0
315.5;0.29711;0.052529;-0.017212;0.40265;0;0;0;0;0;0;0;0;0;0;0;0;0
316;0.29782;0.052801;-0.017275;0.40264;0;0;0;0;0;0;0;0;0;0;0;0;0
316.5;0.29852;0.053061;-0.017364;0.40262;0;0;0;0;0;0;0;0;0;0;0;0;0
317;0.29918;0.053389;-0.017352;0.4026;0;0;0;0;0;0;0;0;0;0;0;0;0
317.5;0.29981;0.053646;-0.017424;0.40259;0;0;0;0;0;0;0;0;0;0;0;0;0
318;0.30049;0.053917;-0.017467;0.40257;0;0;0;0;0;0;0;0;0;0;0;0;0
318.5;0.30116;0.054167;-0.017569;0.40255;0;0;0;0;0;0;0;0;0;0;0;0;0
319;0.30184;0.054434;-0.017611;0.40254;0;0;0;0;0;0;0;0;0;0;0;0;0
319.5;0.30248;0.054739;-0.01776;0.40253;0;0;0;0;0;0;0;0;0;0;0;0;0
320;0.30318;0.055011;-0.017783;0.40251;0;0;0;0;0;0;0;0;0;0;0;0;0
320.5;0.30387;0.055256;-0.01785;0.40249;0;0;0;0;0;0;0;0;0;0;0;0;0
321;0.30438;0.055541;-0.017969;0.40247;0;0;0;0;0;0;0;0;0;0;0;0;0
321.5;0.30475;0.055895;-0.018011;0.40244;0;0;0;0;0;0;0;0;0;0;0;0;0
322;0.30574;0.056139;-0.018126;0.40243;0;0;0;0;0;0;0;0;0;0;0;0;0
322.5;0.30647;0.056456;-0.018191;0.40241;0;0;0;0;0;0;0;0;0;0;0;0;0
323;0.30719;0.056758;-0.018257;0.4024;0;0;0;0;0;0;0;0;0;0;0;0;0
323.5;0.3078;0.057008;-0.018351;0.40238;0;0;0;0;0;0;0;0;0;0;0;0;0
324;0.30857;0.057331;-0.018405;0.40236;0;0;0;0;0;0;0;0;0;0;0;0;0
324.5;0.3091;0.057571;-0.018563;0.40234;0;0;0;0;0;0;0;0;0;0;0;0;0
325;0.3099;0.057902;-0.018623;0.40232;0;0;0;0;0;0;0;0;0;0;0;0;0
325.5;0.3106;0.058247;-0.018729;0.40231;0;0;0;0;0;0;0;0;0;0;0;0;0
326;0.31114;0.058496;-0.018853;0.40229;0;0;0;0;0;0;0;0;0;0;0;0;0
326.5;0.31182;0.058795;-0.018933;0.40227;0;0;0;0;0;0;0;0;0;0;0;0;0
327;0.31255;0.059125;-0.018994;0.40225;0;0;0;0;0;0;0;0;0;0;0;0;0
327.5;0.31316;0.059351;-0.019104;0.40224;0;0;0;0;0;0;0;0;0;0;0;0;0
328;0.31384;0.059664;-0.019196;0.40222;0;0;0;0;0;0;0;0;0;0;0;0;0
328.5;0.31447;0.06002;-0.019273;0.40221;0;0;0;0;0;0;0;0;0;0;0;0;0
329;0.31519;0.060296;-0.019305;0.40219;0;0;0;0;0;0;0;0;0;0;0;0;0
329.5;0.31587;0.06066;-0.019437;0.40217;0;0;0;0;0;0;0;0;0;0;0;0;0
330;0.31642;0.060964;-0.019476;0.40215;0;0;0;0;0;0;0;0;0;0;0;0;0
330.5;0.31716;0.061277;-0.019591;0.40213;0;0;0;0;0;0;0;0;0;0;0;0;0
331;0.31778;0.061576;-0.019601;0.4021;0;0;0;0;0;0;0;0;0;0;0;0;0
331.5;0.31881;0.061976;-0.019684;0.40208;0;0;0;0;0;0;0;0;0;0;0;0;0
332;0.31899;0.062276;-0.019745;0.40206;0;0;0;0;0;0;0;0;0;0;0;0;0
332.5;0.31999;0.062493;-0.019779;0.40204;0;0;0;0;0;0;0;0;0;0;0;0;0
333;0.32056;0.062886;-0.019834;0.40201;0;0;0;0;0;0;0;0;0;0;0;0;0
333.5;0.32121;0.06325;-0.019878;0.40198;0;0;0;0;0;0;0;0;0;0;0;0;0
334;0.32186;0.063575;-0.01994;0.40195;0;0;0;0;0;0;0;0;0;0;0;0;0
334.5;0.3225;0.063918;-0.01997;0.40192;0;0;0;0;0;0;0;0;0;0;0;0;0
335;0.32309;0.064258;-0.020054;0.4019;0;0;0;0;0;0;0;0;0;0;0;0;0
335.5;0.32382;0.064609;-0.020118;0.40187;0;0;0;0;0;0;0;0;0;0;0;0;0
336;0.32446;0.064992;-0.020235;0.40184;0;0;0;0;0;0;0;0;0;0;0;0;0
336.5;0.32515;0.065323;-0.020355;0.40181;0;0;0;0;0;0;0;0;0;0;0;0;0
337;0.32605;0.065762;-0.020482;0.40179;0;0;0;0;0;0;0;0;0;0;0;0;0
337.5;0.32661;0.066097;-0.020506;0.40176;0;0;0;0;0;0;0;0;0;0;0;0;0
338;0.32728;0.066495;-0.020589;0.40174;0;0;0;0;0;0;0;0;0;0;0;0;0
338.5;0.32792;0.066958;-0.020709;0.40171;0;0;0;0;0;0;0;0;0;0;0;0;0
339;0.32859;0.06733;-0.020824;0.40168;0;0;0;0;0;0;0;0;0;0;0;0;0
339.5;0.32922;0.06774;-0.020958;0.40165;0;0;0;0;0;0;0;0;0;0;0;0;0
340;0.32999;0.068107;-0.020982;0.40161;0;0;0;0;0;0;0;0;0;0;0;0;0
340.5;0.33049;0.068533;-0.02106;0.40158;0;0;0;0;0;0;0;0;0;0;0;0;0
341;0.33105;0.068987;-0.021137;0.40155;0;0;0;0;0;0;0;0;0;0;0;0;0
341.5;0.33198;0.069439;-0.021286;0.40153;0;0;0;0;0;0;0;0;0;0;0;0;0
342;0.33262;0.069866;-0.021357;0.4015;0;0;0;0;0;0;0;0;0;0;0;0;0
342.5;0.33352;0.070331;-0.021409;0.40146;0;0;0;0;0;0;0;0;0;0;0;0;0
343;0.33414;0.070724;-0.021454;0.40143;0;0;0;0;0;0;0;0;0;0;0;0;0
343.5;0.33469;0.071187;-0.021536;0.4014;0;0;0;0;0;0;0;0;0;0;0;0;0
344;0.3352;0.071593;-0.021666;0.40136;0;0;0;0;0;0;0;0;0;0;0;0;0
344.5;0.33612;0.072045;-0.021716;0.40132;0;0;0;0;0;0;0;0;0;0;0;0;0
345;0.33679;0.072551;-0.021785;0.40127;0;0;0;0;0;0;0;0;0;0;0;0;0
345.5;0.33749;0.073024;-0.021869;0.40122;0;0;0;0;0;0;0;0;0;0;0;0;0
346;0.33822;0.073546;-0.021968;0.40117;0;0;0;0;0;0;0;0;0;0;0;0;0
346.5;0.33877;0.073957;-0.022054;0.40112;0;0;0;0;0;0;0;0;0;0;0;0;0
347;0.33949;0.074445;-0.022202;0.40109;0;0;0;0;0;0;0;0;0;0;0;0;0
347.5;0.3402;0.074852;-0.02223;0.40104;0;0;0;0;0;0;0;0;0;0;0;0;0
348;0.34092;0.075386;-0.022418;0.40097;0;0;0;0;0;0;0;0;0;0;0;0;0
348.5;0.34152;0.075764;-0.022469;0.40091;0;0;0;0;0;0;0;0;0;0;0;0;0
349;0.34236;0.076309;-0.022532;0.40087;0;0;0;0;0;0;0;0;0;0;0;0;0
349.5;0.34296;0.076739;-0.022568;0.40081;0;0;0;0;0;0;0;0;0;0;0;0;0
350;0.34362;0.077349;-0.022632;0.40076;0;0;0;0;0;0;0;0;0;0;0;0;0
350.5;0.34432;0.077749;-0.022692;0.40069;0;0;0;0;0;0;0;0;0;0;0;0;0
351;0.34498;0.078339;-0.022768;0.40062;0;0;0;0;0;0;0;0;0;0;0;0;0
351.5;0.34582;0.078807;-0.022749;0.40058;0;0;0;0;0;0;0;0;0;0;0;0;0
352;0.34648;0.07922;-0.022775;0.40051;0;0;0;0;0;0;0;0;0;0;0;0;0
352.5;0.34732;0.079752;-0.022804;0.40046;0;0;0;0;0;0;0;0;0;0;0;0;0
353;0.34788;0.080286;-0.022771;0.40039;0;0;0;0;0;0;0;0;0;0;0;0;0
353.5;0.34843;0.080784;-0.022885;0.40032;0;0;0;0;0;0;0;0;0;0;0;0;0
354;0.34927;0.081305;-0.022953;0.40026;0;0;0;0;0;0;0;0;0;0;0;0;0
354.5;0.34994;0.081896;-0.023041;0.40018;0;0;0;0;0;0;0;0;0;0;0;0;0
355;0.3506;0.082461;-0.023052;0.40009;0;0;0;0;0;0;0;0;0;0;0;0;0
355.5;0.35133;0.082968;-0.023122;0.40001;0;0;0;0;0;0;0;0;0;0;0;0;0
356;0.35199;0.083467;-0.023107;0.39992;0;0;0;0;0;0;0;0;0;0;0;0;0
356.5;0.35279;0.084033;-0.02322;0.39983;0;0;0;0;0;0;0;0;0;0;0;0;0
357;0.35349;0.084701;-0.02335;0.39973;0;0;0;0;0;0;0;0;0;0;0;0;0
357.5;0.35417;0.085152;-0.023421;0.39962;0;0;0;0;0;0;0;0;0;0;0;0;0
358;0.35491;0.08575;-0.023566;0.39953;0;0;0;0;0;0;0;0;0;0;0;0;0
358.5;0.35563;0.086193;-0.023709;0.39941;0;0;0;0;0;0;0;0;0;0;0;0;0
359;0.35638;0.086751;-0.023871;0.39929;0;0;0;0;0;0;0;0;0;0;0;0;0
359.5;0.35711;0.087265;-0.02402;0.39915;0;0;0;0;0;0;0;0;0;0;0;0;0
360;0.35789;0.087766;-0.024071;0.39903;0;0;0;0;0;0;0;0;0;0;0;0;0
360.5;0.35859;0.088226;-0.02418;0.39888;0;0;0;0;0;0;0;0;0;0;0;0;0
361;0.35928;0.088766;-0.024096;0.39873;0;0;0;0;0;0;0;0;0;0;0;0;0
361.5;0.36009;0.089222;-0.024273;0.39859;0;0;0;0;0;0;0;0;0;0;0;0;0
362;0.36075;0.089692;-0.024263;0.39843;0;0;0;0;0;0;0;0;0;0;0;0;0
362.5;0.36155;0.090091;-0.024385;0.39827;0;0;0;0;0;0;0;0;0;0;0;0;0
363;0.36238;0.090569;-0.024457;0.3981;0;0;0;0;0;0;0;0;0;0;0;0;0
363.5;0.36307;0.091038;-0.024476;0.39793;0;0;0;0;0;0;0;0;0;0;0;0;0
364;0.36388;0.091518;-0.024512;0.39774;0;0;0;0;0;0;0;0;0;0;0;0;0
364.5;0.3646;0.092059;-0.024616;0.39754;0;0;0;0;0;0;0;0;0;0;0;0;0
365;0.36539;0.092481;-0.024623;0.39734;0;0;0;0;0;0;0;0;0;0;0;0;0
365.5;0.36613;0.092961;-0.02462;0.39716;0;0;0;0;0;0;0;0;0;0;0;0;0
366;0.36691;0.093501;-0.024647;0.39693;0;0;0;0;0;0;0;0;0;0;0;0;0
366.5;0.36771;0.094053;-0.024698;0.3967;0;0;0;0;0;0;0;0;0;0;0;0;0
367;0.36844;0.094635;-0.024762;0.39649;0;0;0;0;0;0;0;0;0;0;0;0;0
367.5;0.36925;0.095158;-0.024771;0.39626;0;0;0;0;0;0;0;0;0;0;0;0;0
368;0.36998;0.095675;-0.024772;0.39601;0;0;0;0;0;0;0;0;0;0;0;0;0
368.5;0.37076;0.096308;-0.024864;0.39575;0;0;0;0;0;0;0;0;0;0;0;0;0
369;0.37147;0.096905;-0.024956;0.39554;0;0;0;0;0;0;0;0;0;0;0;0;0
369.5;0.37227;0.097603;-0.024907;0.39526;0;0;0;0;0;0;0;0;0;0;0;0;0
370;0.37308;0.098208;-0.025028;0.39499;0;0;0;0;0;0;0;0;0;0;0;0;0
370.5;0.37382;0.098882;-0.025122;0.3947;0;0;0;0;0;0;0;0;0;0;0;0;0
371;0.37451;0.099556;-0.025175;0.39445;0;0;0;0;0;0;0;0;0;0;0;0;0
371.5;0.37539;0.10029;-0.025276;0.39415;0;0;0;0;0;0;0;0;0;0;0;0;0
372;0.37615;0.10095;-0.025301;0.39385;0;0;0;0;0;0;0;0;0;0;0;0;0
372.5;0.3768;0.10164;-0.025401;0.39353;0;0;0;0;0;0;0;0;0;0;0;0;0
373;0.37772;0.10232;-0.025538;0.39322;0;0;0;0;0;0;0;0;0;0;0;0;0
373.5;0.37831;0.10298;-0.025593;0.39291;0;0;0;0;0;0;0;0;0;0;0;0;0
374;0.37915;0.10362;-0.025754;0.39258;0;0;0;0;0;0;0;0;0;0;0;0;0
374.5;0.37975;0.10421;-0.025838;0.39225;0;0;0;0;0;0;0;0;0;0;0;0;0
375;0.38046;0.1048;-0.02595;0.39188;0;0;0;0;0;0;0;0;0;0;0;0;0
375.5;0.38133;0.10537;-0.025975;0.39154;0;0;0;0;0;0;0;0;0;0;0;0;0
376;0.38203;0.10599;-0.025872;0.39116;0;0;0;0;0;0;0;0;0;0;0;0;0
376.5;0.38296;0.10666;-0.02605;0.39077;0;0;0;0;0;0;0;0;0;0;0;0;0
377;0.38377;0.10716;-0.026115;0.39041;0;0;0;0;0;0;0;0;0;0;0;0;0
377.5;0.38438;0.10773;-0.026149;0.39;0;0;0;0;0;0;0;0;0;0;0;0;0
378;0.38511;0.10832;-0.026267;0.38961;0;0;0;0;0;0;0;0;0;0;0;0;0
378.5;0.38584;0.10889;-0.026336;0.38921;0;0;0;0;0;0;0;0;0;0;0;0;0
379;0.38668;0.10947;-0.026397;0.38885;0;0;0;0;0;0;0;0;0;0;0;0;0
379.5;0.38734;0.11008;-0.026573;0.38843;0;0;0;0;0;0;0;0;0;0;0;0;0
380;0.38815;0.11061;-0.026677;0.38799;0;0;0;0;0;0;0;0;0;0;0;0;0
380.5;0.38889;0.11123;-0.026726;0.38756;0;0;0;0;0;0;0;0;0;0;0;0;0
381;0.3897;0.11195;-0.026771;0.38716;0;0;0;0;0;0;0;0;0;0;0;0;0
381.5;0.39034;0.11261;-0.026861;0.38674;0;0;0;0;0;0;0;0;0;0;0;0;0
382;0.39099;0.11322;-0.026877;0.38629;0;0;0;0;0;0;0;0;0;0;0;0;0
382.5;0.39178;0.11395;-0.027009;0.38586;0;0;0;0;0;0;0;0;0;0;0;0;0
383;0.39259;0.11464;-0.027042;0.38538;0;0;0;0;0;0;0;0;0;0;0;0;0
383.5;0.39338;0.1153;-0.027177;0.3849;0;0;0;0;0;0;0;0;0;0;0;0;0
384;0.39391;0.11599;-0.027393;0.38442;0;0;0;0;0;0;0;0;0;0;0;0;0
384.5;0.39475;0.11654;-0.027569;0.38401;0;0;0;0;0;0;0;0;0;0;0;0;0
385;0.39538;0.11728;-0.027716;0.3835;0;0;0;0;0;0;0;0;0;0;0;0;0
385.5;0.39631;0.11792;-0.027802;0.38301;0;0;0;0;0;0;0;0;0;0;0;0;0
386;0.39673;0.11858;-0.027931;0.38258;0;0;0;0;0;0;0;0;0;0;0;0;0
386.5;0.39787;0.11924;-0.027973;0.38206;0;0;0;0;0;0;0;0;0;0;0;0;0
387;0.39845;0.11977;-0.027991;0.38154;0;0;0;0;0;0;0;0;0;0;0;0;0
387.5;0.39921;0.12038;-0.028098;0.38101;0;0;0;0;0;0;0;0;0;0;0;0;0
388;0.40015;0.12094;-0.028104;0.38055;0;0;0;0;0;0;0;0;0;0;0;0;0
388.5;0.40086;0.1216;-0.028124;0.38;0;0;0;0;0;0;0;0;0;0;0;0;0
389;0.40145;0.12217;-0.028121;0.37945;0;0;0;0;0;0;0;0;0;0;0;0;0
389.5;0.40219;0.12285;-0.028115;0.37888;0;0;0;0;0;0;0;0;0;0;0;0;0
390;0.40304;0.12341;-0.02811;0.37835;0;0;0;0;0;0;0;0;0;0;0;0;0
390.5;0.40375;0.12407;-0.028051;0.37777;0;0;0;0;0;0;0;0;0;0;0;0;0
391;0.40446;0.12473;-0.028074;0.37721;0;0;0;0;0;0;0;0;0;0;0;0;0
391.5;0.40508;0.12534;-0.028048;0.37666;0;0;0;0;0;0;0;0;0;0;0;0;0
392;0.40595;0.12604;-0.027997;0.37605;0;0;0;0;0;0;0;0;0;0;0;0;0
392.5;0.40672;0.12673;-0.027928;0.37548;0;0;0;0;0;0;0;0;0;0;0;0;0
393;0.40753;0.1274;-0.027951;0.37484;0;0;0;0;0;0;0;0;0;0;0;0;0
393.5;0.40825;0.12803;-0.027807;0.37419;0;0;0;0;0;0;0;0;0;0;0;0;0
394;0.40903;0.12868;-0.0278;0.37358;0;0;0;0;0;0;0;0;0;0;0;0;0
394.5;0.4098;0.12934;-0.027731;0.37291;0;0;0;0;0;0;0;0;0;0;0;0;0
395;0.41051;0.13013;-0.027825;0.37228;0;0;0;0;0;0;0;0;0;0;0;0;0
395.5;0.41121;0.1308;-0.027952;0.37164;0;0;0;0;0;0;0;0;0;0;0;0;0
396;0.41207;0.13148;-0.028098;0.37094;0;0;0;0;0;0;0;0;0;0;0;0;0
396.5;0.41279;0.13213;-0.028182;0.37023;0;0;0;0;0;0;0;0;0;0;0;0;0
397;0.41347;0.13283;-0.028251;0.36956;0;0;0;0;0;0;0;0;0;0;0;0;0
397.5;0.41435;0.13355;-0.028295;0.36888;0;0;0;0;0;0;0;0;0;0;0;0;0
398;0.41516;0.13422;-0.028381;0.36814;0;0;0;0;0;0;0;0;0;0;0;0;0
398.5;0.41591;0.13494;-0.028317;0.36738;0;0;0;0;0;0;0;0;0;0;0;0;0
399;0.41665;0.13562;-0.028193;0.36667;0;0;0;0;0;0;0;0;0;0;0;0;0
399.5;0.41741;0.13625;-0.02811;0.36595;0;0;0;0;0;0;0;0;0;0;0;0;0
400;0.41823;0.13703;-0.028052;0.36514;0;0;0;0;0;0;0;0;0;0;0;0;0
400.5;0.41913;0.13775;-0.028019;0.36432;0;0;0;0;0;0;0;0;0;0;0;0;0
401;0.41981;0.13847;-0.027893;0.36355;0;0;0;0;0;0;0;0;0;0;0;0;0
401.5;0.42065;0.13919;-0.027828;0.36268;0;0;0;0;0;0;0;0;0;0;0;0;0
402;0.42156;0.14002;-0.027714;0.36185;0;0;0;0;0;0;0;0;0;0;0;0;0
402.5;0.42233;0.14079;-0.027701;0.36106;0;0;0;0;0;0;0;0;0;0;0;0;0
403;0.42355;0.14173;-0.027349;0.36;0;0;0;0;0;0;0;0;0;0;0;0;0
403.5;0.42375;0.14258;-0.027171;0.35895;0;0;0;0;0;0;0;0;0;0;0;0;0
404;0.42506;0.1437;-0.027526;0.35793;0;0;0;0;0;0;0;0;0;0;0;0;0
404.5;0.42653;0.14531;-0.027778;0.35675;0;0;0;0;0;0;0;0;0;0;0;0;0
