Date of Test;Material;Sample Geometry;Orientation [°];Test Number;Nominal Speed [mm/min];Thickness [mm];Central Width [mm];Gauge Width / Diameter [mm];Pixel to mm ratio [mm/px];Extensometer 1-4 [mm];Extensometer 2-3 [mm];Extensometer 5-6 [mm];;;;;
09/07/21;DP600medium;NT6;00;4;0.0402;0.14143;1;2;0;3;0.09999;0.2;;;;;
;;;;;;;;;;;;;;;;;
Time [s];U1 [mm];U2 [mm];U3 [mm];Force [kN];Ambient Temperature [°C];DIC Zone X 1 [px];DIC Zone Y 1 [px];DIC Zone X 2 [px];DIC Zone Y 2 [px];DIC Zone X 3 [px];DIC Zone Y 3 [px];DIC Zone X 4 [px];DIC Zone Y 4 [px];DIC Zone X 5 [px];DIC Zone Y 5 [px];DIC Zone X 6 [px];DIC Zone Y 6 [px]
0;0;0;0;0.00178;0;0;0;0;0;0;0;0;0;0;0;0;0
0.501;7.6631e-05;-1.8729e-05;1.317e-07;0.00179;0;0;0;0;0;0;0;0;0;0;0;0;0
1;0.0001205;-1.8464e-05;-7.3581e-05;0.00183;0;0;0;0;0;0;0;0;0;0;0;0;0
1.501;0.00052275;6.3558e-05;-8.1767e-05;0.00188;0;0;0;0;0;0;0;0;0;0;0;0;0
2.001;6.2231e-05;6.3136e-05;-4.5079e-05;0.00193;0;0;0;0;0;0;0;0;0;0;0;0;0
2.5;0.00013378;5.1011e-05;-3.7081e-05;0.00198;0;0;0;0;0;0;0;0;0;0;0;0;0
3.001;3.0984e-05;3.585e-05;-1.9566e-05;0.00201;0;0;0;0;0;0;0;0;0;0;0;0;0
3.5;0.00019658;4.8967e-05;-3.1195e-05;0.00207;0;0;0;0;0;0;0;0;0;0;0;0;0
4;0.0001472;-3.339e-06;-5.433e-05;0.00212;0;0;0;0;0;0;0;0;0;0;0;0;0
4.5;0.00015498;-9.4363e-07;-7.7053e-05;0.00217;0;0;0;0;0;0;0;0;0;0;0;0;0
5.001;0.00025281;3.3766e-05;-3.2098e-05;0.00219;0;0;0;0;0;0;0;0;0;0;0;0;0
5.5;0.00022548;-3.1664e-05;-7.877e-05;0.00221;0;0;0;0;0;0;0;0;0;0;0;0;0
6.001;0.00023001;9.1196e-06;-4.0358e-05;0.00221;0;0;0;0;0;0;0;0;0;0;0;0;0
6.501;0.00015996;-2.4934e-05;-0.00014832;0.00221;0;0;0;0;0;0;0;0;0;0;0;0;0
7;0.00023468;-3.2109e-05;-5.9429e-05;0.00223;0;0;0;0;0;0;0;0;0;0;0;0;0
7.501;0.00021127;-4.613e-05;-5.7979e-05;0.00223;0;0;0;0;0;0;0;0;0;0;0;0;0
8;0.00021612;-4.6568e-05;-6.3529e-05;0.00224;0;0;0;0;0;0;0;0;0;0;0;0;0
8.501;0.00017455;3.9482e-05;-7.6888e-05;0.00225;0;0;0;0;0;0;0;0;0;0;0;0;0
9;0.00021664;5.2837e-06;-5.5072e-05;0.00227;0;0;0;0;0;0;0;0;0;0;0;0;0
9.501;0.00018475;6.0668e-05;-5.4579e-05;0.00228;0;0;0;0;0;0;0;0;0;0;0;0;0
10.001;0.00030685;5.9674e-05;-5.9003e-05;0.0023;0;0;0;0;0;0;0;0;0;0;0;0;0
10.501;0.00015707;5.5435e-05;-5.8881e-05;0.00232;0;0;0;0;0;0;0;0;0;0;0;0;0
11;0.00023348;5.7066e-05;-5.2501e-05;0.00234;0;0;0;0;0;0;0;0;0;0;0;0;0
11.5;0.00019106;4.7089e-05;-0.00010174;0.00236;0;0;0;0;0;0;0;0;0;0;0;0;0
12;0.00020252;6.0446e-06;-9.2496e-05;0.00237;0;0;0;0;0;0;0;0;0;0;0;0;0
12.5;0.00021133;7.1823e-05;-0.00010286;0.0024;0;0;0;0;0;0;0;0;0;0;0;0;0
13;0.00025985;2.5991e-05;-0.00015483;0.00242;0;0;0;0;0;0;0;0;0;0;0;0;0
13.5;0.0002776;4.2098e-05;-0.00010855;0.00245;0;0;0;0;0;0;0;0;0;0;0;0;0
14;0.00021786;4.2636e-05;-7.2309e-05;0.00247;0;0;0;0;0;0;0;0;0;0;0;0;0
14.5;0.00021585;6.9243e-05;-0.00013754;0.0025;0;0;0;0;0;0;0;0;0;0;0;0;0
15;0.00014341;6.6077e-05;-0.00012803;0.00253;0;0;0;0;0;0;0;0;0;0;0;0;0
15.501;0.00014664;6.7297e-05;-0.00015724;0.00255;0;0;0;0;0;0;0;0;0;0;0;0;0
16;0.00015352;7.5578e-05;-0.00013687;0.00259;0;0;0;0;0;0;0;0;0;0;0;0;0
16.501;0.00025577;5.3212e-05;-0.00012296;0.00262;0;0;0;0;0;0;0;0;0;0;0;0;0
17.001;0.00018044;0.00010513;-0.00019512;0.00265;0;0;0;0;0;0;0;0;0;0;0;0;0
17.501;0.00012849;6.5127e-05;-0.00017335;0.00269;0;0;0;0;0;0;0;0;0;0;0;0;0
18;9.4655e-05;7.4777e-05;-0.00018317;0.00273;0;0;0;0;0;0;0;0;0;0;0;0;0
18.5;0.00025283;5.1563e-05;-0.00013009;0.00278;0;0;0;0;0;0;0;0;0;0;0;0;0
19;0.00019817;8.1562e-05;-0.00013881;0.00284;0;0;0;0;0;0;0;0;0;0;0;0;0
19.501;0.00017042;0.00010428;-0.00012425;0.0029;0;0;0;0;0;0;0;0;0;0;0;0;0
20;0.0002131;9.2216e-05;-0.00019579;0.00297;0;0;0;0;0;0;0;0;0;0;0;0;0
20.5;0.00022789;6.7354e-05;-0.00012731;0.00305;0;0;0;0;0;0;0;0;0;0;0;0;0
21.001;0.00022695;6.1938e-05;-0.00016017;0.00312;0;0;0;0;0;0;0;0;0;0;0;0;0
21.501;0.00020159;3.502e-05;-0.00016317;0.0032;0;0;0;0;0;0;0;0;0;0;0;0;0
22.001;0.00018956;4.7024e-05;-0.00021618;0.00328;0;0;0;0;0;0;0;0;0;0;0;0;0
22.5;0.00023795;9.02e-05;-0.00020106;0.00338;0;0;0;0;0;0;0;0;0;0;0;0;0
23;0.0002487;4.6936e-05;-6.5512e-05;0.00347;0;0;0;0;0;0;0;0;0;0;0;0;0
23.5;0.00021153;6.9509e-07;-0.00017688;0.00362;0;0;0;0;0;0;0;0;0;0;0;0;0
24;0.00022583;-2.2813e-06;-0.00022338;0.00379;0;0;0;0;0;0;0;0;0;0;0;0;0
24.501;0.00023488;1.7544e-05;-0.00017533;0.00395;0;0;0;0;0;0;0;0;0;0;0;0;0
25.001;0.00028388;5.4084e-05;-0.0001619;0.00417;0;0;0;0;0;0;0;0;0;0;0;0;0
25.5;0.00028381;8.7343e-05;-0.00022856;0.00444;0;0;0;0;0;0;0;0;0;0;0;0;0
26;0.00026029;6.1326e-05;-0.00018697;0.00466;0;0;0;0;0;0;0;0;0;0;0;0;0
26.5;0.00021943;-4.6905e-05;-0.00015932;0.00494;0;0;0;0;0;0;0;0;0;0;0;0;0
27.001;0.0002571;8.0263e-06;-0.00016235;0.00522;0;0;0;0;0;0;0;0;0;0;0;0;0
27.501;0.00026539;2.9164e-06;-0.000188;0.00546;0;0;0;0;0;0;0;0;0;0;0;0;0
28.001;0.000269;2.0432e-05;-0.00020227;0.00573;0;0;0;0;0;0;0;0;0;0;0;0;0
28.5;0.00030592;2.4744e-05;-0.00017816;0.00599;0;0;0;0;0;0;0;0;0;0;0;0;0
29;0.00023216;2.5192e-05;-0.00020375;0.00622;0;0;0;0;0;0;0;0;0;0;0;0;0
29.5;0.00037449;3.3945e-05;-0.0002261;0.00647;0;0;0;0;0;0;0;0;0;0;0;0;0
30;0.00037052;2.3321e-06;-0.00018982;0.00671;0;0;0;0;0;0;0;0;0;0;0;0;0
30.501;0.00040292;2.863e-05;-0.00016673;0.00691;0;0;0;0;0;0;0;0;0;0;0;0;0
31;0.00034137;4.437e-05;-0.00022226;0.00717;0;0;0;0;0;0;0;0;0;0;0;0;0
31.501;0.00036748;4.305e-05;-0.0001774;0.00738;0;0;0;0;0;0;0;0;0;0;0;0;0
32.001;0.00050548;0.00010194;-0.0002034;0.00761;0;0;0;0;0;0;0;0;0;0;0;0;0
32.501;0.00046201;6.2163e-05;-0.00023628;0.00784;0;0;0;0;0;0;0;0;0;0;0;0;0
33;0.00043148;0.00010441;-0.0001516;0.00808;0;0;0;0;0;0;0;0;0;0;0;0;0
33.5;0.00052774;9.6899e-05;-0.00022287;0.00829;0;0;0;0;0;0;0;0;0;0;0;0;0
34;0.00047845;0.00015632;-0.00018806;0.00853;0;0;0;0;0;0;0;0;0;0;0;0;0
34.5;0.00049248;0.00014747;-0.00027051;0.00879;0;0;0;0;0;0;0;0;0;0;0;0;0
35.001;0.00055699;0.00012259;-0.00022862;0.00902;0;0;0;0;0;0;0;0;0;0;0;0;0
35.5;0.00045319;0.00012562;-0.00026418;0.00928;0;0;0;0;0;0;0;0;0;0;0;0;0
36;0.00060424;0.00012785;-0.00023223;0.00954;0;0;0;0;0;0;0;0;0;0;0;0;0
36.501;0.00054132;8.4121e-05;-0.00024532;0.00975;0;0;0;0;0;0;0;0;0;0;0;0;0
37.001;0.00073689;9.5868e-05;-0.00025223;0.01001;0;0;0;0;0;0;0;0;0;0;0;0;0
37.5;0.00064613;6.1476e-05;-0.00028166;0.01027;0;0;0;0;0;0;0;0;0;0;0;0;0
38.001;0.00058269;4.7606e-05;-0.00029944;0.01051;0;0;0;0;0;0;0;0;0;0;0;0;0
38.501;0.00062948;7.9113e-05;-0.00029114;0.01078;0;0;0;0;0;0;0;0;0;0;0;0;0
39.001;0.00072694;6.7697e-05;-0.00028953;0.01105;0;0;0;0;0;0;0;0;0;0;0;0;0
39.5;0.00073829;7.8663e-05;-0.0002454;0.01128;0;0;0;0;0;0;0;0;0;0;0;0;0
40.001;0.00077178;0.00010674;-0.00029805;0.01157;0;0;0;0;0;0;0;0;0;0;0;0;0
40.5;0.00073017;0.00010946;-0.00026612;0.01186;0;0;0;0;0;0;0;0;0;0;0;0;0
41.001;0.00074171;9.854e-05;-0.00027928;0.01213;0;0;0;0;0;0;0;0;0;0;0;0;0
41.5;0.00069805;7.8518e-05;-0.00029644;0.0124;0;0;0;0;0;0;0;0;0;0;0;0;0
42;0.00078138;0.00010852;-0.00030651;0.01271;0;0;0;0;0;0;0;0;0;0;0;0;0
42.5;0.00071886;0.00012151;-0.00032592;0.01301;0;0;0;0;0;0;0;0;0;0;0;0;0
43;0.00079069;8.7067e-05;-0.00027671;0.01331;0;0;0;0;0;0;0;0;0;0;0;0;0
43.5;0.00078973;0.0001144;-0.0003244;0.01363;0;0;0;0;0;0;0;0;0;0;0;0;0
44;0.00079025;0.00011296;-0.00029905;0.01394;0;0;0;0;0;0;0;0;0;0;0;0;0
44.5;0.00085018;0.00013119;-0.00030242;0.01427;0;0;0;0;0;0;0;0;0;0;0;0;0
45;0.00084616;0.00012112;-0.00032371;0.01462;0;0;0;0;0;0;0;0;0;0;0;0;0
45.501;0.0009363;8.0394e-05;-0.00033491;0.01493;0;0;0;0;0;0;0;0;0;0;0;0;0
46;0.00092045;4.1418e-05;-0.00036653;0.01531;0;0;0;0;0;0;0;0;0;0;0;0;0
46.501;0.00093016;0.00013312;-0.00029066;0.0157;0;0;0;0;0;0;0;0;0;0;0;0;0
47.001;0.0010026;4.5721e-05;-0.00031412;0.01605;0;0;0;0;0;0;0;0;0;0;0;0;0
47.501;0.00098611;0.00011217;-0.00032265;0.01642;0;0;0;0;0;0;0;0;0;0;0;0;0
48;0.0012071;0.00011816;-0.00034326;0.01682;0;0;0;0;0;0;0;0;0;0;0;0;0
48.5;0.0010416;9.0017e-05;-0.00039012;0.0172;0;0;0;0;0;0;0;0;0;0;0;0;0
49;0.0011248;0.00010851;-0.00034743;0.01758;0;0;0;0;0;0;0;0;0;0;0;0;0
49.5;0.0010717;0.00016293;-0.00040089;0.01801;0;0;0;0;0;0;0;0;0;0;0;0;0
50;0.0012549;8.9198e-05;-0.00038316;0.0184;0;0;0;0;0;0;0;0;0;0;0;0;0
50.5;0.0011187;0.00016365;-0.00033971;0.01883;0;0;0;0;0;0;0;0;0;0;0;0;0
51;0.0011623;0.00013028;-0.00035672;0.01924;0;0;0;0;0;0;0;0;0;0;0;0;0
51.5;0.0011785;0.00014366;-0.00033593;0.0197;0;0;0;0;0;0;0;0;0;0;0;0;0
52.001;0.0012115;0.00013445;-0.00034883;0.02012;0;0;0;0;0;0;0;0;0;0;0;0;0
52.501;0.0012325;0.00016129;-0.00039242;0.02058;0;0;0;0;0;0;0;0;0;0;0;0;0
53;0.0012312;0.00012036;-0.00035505;0.02102;0;0;0;0;0;0;0;0;0;0;0;0;0
53.5;0.0012748;0.00011729;-0.00035035;0.02149;0;0;0;0;0;0;0;0;0;0;0;0;0
54;0.0012685;9.4131e-05;-0.00038385;0.02198;0;0;0;0;0;0;0;0;0;0;0;0;0
54.5;0.0013363;0.00013514;-0.00035716;0.0224;0;0;0;0;0;0;0;0;0;0;0;0;0
55;0.001401;4.5039e-05;-0.00040723;0.0229;0;0;0;0;0;0;0;0;0;0;0;0;0
55.5;0.0014332;5.4266e-05;-0.00040716;0.02347;0;0;0;0;0;0;0;0;0;0;0;0;0
56;0.0014746;8.7465e-05;-0.00040331;0.02392;0;0;0;0;0;0;0;0;0;0;0;0;0
56.5;0.0014973;0.00010204;-0.00036676;0.02445;0;0;0;0;0;0;0;0;0;0;0;0;0
57;0.0015952;0.00010516;-0.00040306;0.02495;0;0;0;0;0;0;0;0;0;0;0;0;0
57.5;0.0016427;7.8642e-05;-0.00041569;0.02546;0;0;0;0;0;0;0;0;0;0;0;0;0
58;0.0015863;6.2734e-05;-0.00037881;0.02602;0;0;0;0;0;0;0;0;0;0;0;0;0
58.5;0.0016734;0.00012747;-0.00041728;0.02655;0;0;0;0;0;0;0;0;0;0;0;0;0
59;0.0017801;0.00013675;-0.00039507;0.02718;0;0;0;0;0;0;0;0;0;0;0;0;0
59.499;0.0017708;0.00020372;-0.00045408;0.02771;0;0;0;0;0;0;0;0;0;0;0;0;0
60;0.0018481;0.00021533;-0.00040085;0.02826;0;0;0;0;0;0;0;0;0;0;0;0;0
60.5;0.0018001;0.00016349;-0.0002867;0.02887;0;0;0;0;0;0;0;0;0;0;0;0;0
61;0.0019181;0.00011768;-0.00043672;0.02948;0;0;0;0;0;0;0;0;0;0;0;0;0
61.501;0.0019428;0.00015416;-0.00043512;0.03006;0;0;0;0;0;0;0;0;0;0;0;0;0
62.001;0.0020198;0.00015449;-0.00044517;0.03063;0;0;0;0;0;0;0;0;0;0;0;0;0
62.501;0.0019993;0.00020335;-0.00048054;0.03126;0;0;0;0;0;0;0;0;0;0;0;0;0
63;0.0020755;0.00011893;-0.00045362;0.03183;0;0;0;0;0;0;0;0;0;0;0;0;0
63.5;0.0021212;0.0001502;-0.00045471;0.03241;0;0;0;0;0;0;0;0;0;0;0;0;0
64;0.0021592;7.2986e-05;-0.00051272;0.03304;0;0;0;0;0;0;0;0;0;0;0;0;0
64.5;0.0021999;8.9332e-05;-0.00047722;0.03371;0;0;0;0;0;0;0;0;0;0;0;0;0
65;0.002267;2.357e-05;-0.00057542;0.03425;0;0;0;0;0;0;0;0;0;0;0;0;0
65.5;0.0022877;1.9774e-05;-0.0004913;0.03487;0;0;0;0;0;0;0;0;0;0;0;0;0
66.001;0.0024072;7.2665e-05;-0.00049363;0.03545;0;0;0;0;0;0;0;0;0;0;0;0;0
66.501;0.0024328;3.0157e-05;-0.00052697;0.03604;0;0;0;0;0;0;0;0;0;0;0;0;0
67;0.0024748;4.7307e-05;-0.00052467;0.03668;0;0;0;0;0;0;0;0;0;0;0;0;0
67.5;0.0025118;5.8668e-05;-0.00052033;0.03732;0;0;0;0;0;0;0;0;0;0;0;0;0
68;0.002504;3.3264e-05;-0.00057689;0.03793;0;0;0;0;0;0;0;0;0;0;0;0;0
68.501;0.0025883;0.00014551;-0.00057039;0.03859;0;0;0;0;0;0;0;0;0;0;0;0;0
69;0.0026971;0.00012157;-0.00058768;0.03923;0;0;0;0;0;0;0;0;0;0;0;0;0
69.5;0.0026782;0.00011698;-0.00054219;0.03983;0;0;0;0;0;0;0;0;0;0;0;0;0
70;0.0028012;8.5963e-05;-0.00053534;0.04044;0;0;0;0;0;0;0;0;0;0;0;0;0
70.5;0.0028302;8.6576e-05;-0.00057151;0.04109;0;0;0;0;0;0;0;0;0;0;0;0;0
71.001;0.0028749;4.7692e-05;-0.00062062;0.04174;0;0;0;0;0;0;0;0;0;0;0;0;0
71.5;0.0029764;0.00010696;-0.00057227;0.04228;0;0;0;0;0;0;0;0;0;0;0;0;0
72;0.0029836;0.00011232;-0.0005799;0.04297;0;0;0;0;0;0;0;0;0;0;0;0;0
72.5;0.0030538;0.00011054;-0.00068801;0.04351;0;0;0;0;0;0;0;0;0;0;0;0;0
73;0.0031936;9.0937e-05;-0.00066408;0.04416;0;0;0;0;0;0;0;0;0;0;0;0;0
73.5;0.0032885;8.5816e-05;-0.00065989;0.0448;0;0;0;0;0;0;0;0;0;0;0;0;0
74;0.0033411;0.00011169;-0.00068484;0.04538;0;0;0;0;0;0;0;0;0;0;0;0;0
74.5;0.0034251;0.00014989;-0.00069539;0.04602;0;0;0;0;0;0;0;0;0;0;0;0;0
75;0.0034366;0.00016512;-0.0006579;0.04661;0;0;0;0;0;0;0;0;0;0;0;0;0
75.499;0.0035983;0.00015551;-0.00071003;0.04725;0;0;0;0;0;0;0;0;0;0;0;0;0
76;0.0036418;0.00010785;-0.00062731;0.04783;0;0;0;0;0;0;0;0;0;0;0;0;0
76.5;0.0036899;0.00016467;-0.00063063;0.04845;0;0;0;0;0;0;0;0;0;0;0;0;0
77;0.0038024;0.00015423;-0.00065145;0.04902;0;0;0;0;0;0;0;0;0;0;0;0;0
77.501;0.0038658;0.00019512;-0.00068554;0.04963;0;0;0;0;0;0;0;0;0;0;0;0;0
78;0.0039683;0.00011493;-0.00066862;0.0502;0;0;0;0;0;0;0;0;0;0;0;0;0
78.5;0.0041291;0.00019252;-0.00070686;0.05075;0;0;0;0;0;0;0;0;0;0;0;0;0
79;0.0041661;0.00020469;-0.00070744;0.05135;0;0;0;0;0;0;0;0;0;0;0;0;0
79.5;0.0042123;0.00017856;-0.00074465;0.05194;0;0;0;0;0;0;0;0;0;0;0;0;0
80;0.0043671;0.00014063;-0.00067903;0.05255;0;0;0;0;0;0;0;0;0;0;0;0;0
80.5;0.0045138;0.00017785;-0.00073169;0.05311;0;0;0;0;0;0;0;0;0;0;0;0;0
81;0.0046405;0.00021073;-0.00071408;0.05369;0;0;0;0;0;0;0;0;0;0;0;0;0
81.5;0.0047214;0.00021815;-0.00080118;0.05421;0;0;0;0;0;0;0;0;0;0;0;0;0
82;0.0048418;0.00021989;-0.00077783;0.05472;0;0;0;0;0;0;0;0;0;0;0;0;0
82.5;0.0048801;0.0001635;-0.00075441;0.05527;0;0;0;0;0;0;0;0;0;0;0;0;0
83;0.0050426;0.00024056;-0.0007888;0.05578;0;0;0;0;0;0;0;0;0;0;0;0;0
83.5;0.0051363;0.00026957;-0.00084223;0.0563;0;0;0;0;0;0;0;0;0;0;0;0;0
84;0.0052672;0.00030209;-0.00077061;0.0568;0;0;0;0;0;0;0;0;0;0;0;0;0
84.5;0.0053816;0.00023776;-0.00085327;0.05725;0;0;0;0;0;0;0;0;0;0;0;0;0
85;0.0055013;0.0003365;-0.00076783;0.05772;0;0;0;0;0;0;0;0;0;0;0;0;0
85.5;0.0056858;0.00030416;-0.0009063;0.05821;0;0;0;0;0;0;0;0;0;0;0;0;0
86;0.005856;0.0002898;-0.00087331;0.05866;0;0;0;0;0;0;0;0;0;0;0;0;0
86.5;0.0059534;0.00028426;-0.00084457;0.05914;0;0;0;0;0;0;0;0;0;0;0;0;0
87;0.0061137;0.00025927;-0.00089808;0.0596;0;0;0;0;0;0;0;0;0;0;0;0;0
87.5;0.0061759;0.00033769;-0.00087565;0.05999;0;0;0;0;0;0;0;0;0;0;0;0;0
88;0.0064225;0.00030689;-0.00088448;0.06048;0;0;0;0;0;0;0;0;0;0;0;0;0
88.5;0.0065705;0.00039339;-0.00083795;0.06093;0;0;0;0;0;0;0;0;0;0;0;0;0
89;0.0067421;0.00033764;-0.00095273;0.06129;0;0;0;0;0;0;0;0;0;0;0;0;0
89.5;0.0069361;0.00038753;-0.00090558;0.06171;0;0;0;0;0;0;0;0;0;0;0;0;0
90;0.0070452;0.00034185;-0.00095273;0.06212;0;0;0;0;0;0;0;0;0;0;0;0;0
90.501;0.0072656;0.00036384;-0.00092934;0.06249;0;0;0;0;0;0;0;0;0;0;0;0;0
91;0.0073882;0.00033278;-0.0010037;0.06289;0;0;0;0;0;0;0;0;0;0;0;0;0
91.501;0.0075608;0.00033812;-0.0010232;0.06327;0;0;0;0;0;0;0;0;0;0;0;0;0
92.001;0.0077693;0.00044609;-0.00096527;0.06359;0;0;0;0;0;0;0;0;0;0;0;0;0
92.501;0.0079544;0.00039032;-0.0010072;0.06396;0;0;0;0;0;0;0;0;0;0;0;0;0
93;0.0081522;0.00041571;-0.0010739;0.06429;0;0;0;0;0;0;0;0;0;0;0;0;0
93.5;0.0082985;0.00043935;-0.0010873;0.06462;0;0;0;0;0;0;0;0;0;0;0;0;0
94.001;0.0084346;0.00039082;-0.00098473;0.06497;0;0;0;0;0;0;0;0;0;0;0;0;0
94.5;0.0087579;0.00041809;-0.0010696;0.06531;0;0;0;0;0;0;0;0;0;0;0;0;0
95;0.0089162;0.00049247;-0.001059;0.06562;0;0;0;0;0;0;0;0;0;0;0;0;0
95.5;0.0090797;0.00046446;-0.0010729;0.06596;0;0;0;0;0;0;0;0;0;0;0;0;0
96;0.0092933;0.0004546;-0.0011244;0.06628;0;0;0;0;0;0;0;0;0;0;0;0;0
96.499;0.0094793;0.00043199;-0.0010787;0.06657;0;0;0;0;0;0;0;0;0;0;0;0;0
97;0.0096331;0.00046137;-0.0011895;0.06686;0;0;0;0;0;0;0;0;0;0;0;0;0
97.5;0.0099012;0.00046197;-0.0011264;0.06715;0;0;0;0;0;0;0;0;0;0;0;0;0
98;0.010098;0.00048858;-0.0010674;0.06742;0;0;0;0;0;0;0;0;0;0;0;0;0
98.5;0.01035;0.00056423;-0.00111;0.06772;0;0;0;0;0;0;0;0;0;0;0;0;0
99;0.010519;0.00047699;-0.0011314;0.06796;0;0;0;0;0;0;0;0;0;0;0;0;0
99.5;0.010734;0.00057195;-0.0011821;0.06825;0;0;0;0;0;0;0;0;0;0;0;0;0
100;0.010997;0.00053488;-0.0012175;0.06852;0;0;0;0;0;0;0;0;0;0;0;0;0
100.5;0.011245;0.00058693;-0.0011943;0.06876;0;0;0;0;0;0;0;0;0;0;0;0;0
101;0.011437;0.00061684;-0.0012052;0.06905;0;0;0;0;0;0;0;0;0;0;0;0;0
101.5;0.011483;0.0006188;-0.0012843;0.06931;0;0;0;0;0;0;0;0;0;0;0;0;0
102;0.011786;0.00066957;-0.0012735;0.06953;0;0;0;0;0;0;0;0;0;0;0;0;0
102.5;0.012046;0.00063945;-0.0013097;0.06981;0;0;0;0;0;0;0;0;0;0;0;0;0
103;0.012248;0.00061672;-0.0012777;0.07006;0;0;0;0;0;0;0;0;0;0;0;0;0
103.5;0.012465;0.00065887;-0.0013096;0.07027;0;0;0;0;0;0;0;0;0;0;0;0;0
104;0.012709;0.00073257;-0.0013098;0.07054;0;0;0;0;0;0;0;0;0;0;0;0;0
104.5;0.0129;0.0006712;-0.0013319;0.07075;0;0;0;0;0;0;0;0;0;0;0;0;0
105;0.013175;0.00065127;-0.001299;0.07098;0;0;0;0;0;0;0;0;0;0;0;0;0
105.5;0.013336;0.00071463;-0.0012997;0.07122;0;0;0;0;0;0;0;0;0;0;0;0;0
106;0.013565;0.00075182;-0.0013084;0.07143;0;0;0;0;0;0;0;0;0;0;0;0;0
106.5;0.013823;0.00073722;-0.0013829;0.07166;0;0;0;0;0;0;0;0;0;0;0;0;0
107;0.014109;0.00075834;-0.0013915;0.07189;0;0;0;0;0;0;0;0;0;0;0;0;0
107.5;0.014339;0.00073867;-0.0014083;0.07208;0;0;0;0;0;0;0;0;0;0;0;0;0
108;0.014512;0.00077588;-0.0014826;0.0723;0;0;0;0;0;0;0;0;0;0;0;0;0
108.5;0.014782;0.00078294;-0.0014337;0.07253;0;0;0;0;0;0;0;0;0;0;0;0;0
109;0.014968;0.00081514;-0.0014258;0.07274;0;0;0;0;0;0;0;0;0;0;0;0;0
109.5;0.015237;0.00083983;-0.0014627;0.07296;0;0;0;0;0;0;0;0;0;0;0;0;0
110;0.015506;0.00084091;-0.0014742;0.07317;0;0;0;0;0;0;0;0;0;0;0;0;0
110.5;0.015683;0.00086247;-0.0015324;0.0734;0;0;0;0;0;0;0;0;0;0;0;0;0
111;0.015922;0.00087777;-0.0015058;0.0736;0;0;0;0;0;0;0;0;0;0;0;0;0
111.5;0.016151;0.00093801;-0.001589;0.07381;0;0;0;0;0;0;0;0;0;0;0;0;0
112;0.016431;0.00091453;-0.0015752;0.07401;0;0;0;0;0;0;0;0;0;0;0;0;0
112.5;0.016616;0.00091577;-0.001557;0.07419;0;0;0;0;0;0;0;0;0;0;0;0;0
113;0.01688;0.00097563;-0.0015171;0.07438;0;0;0;0;0;0;0;0;0;0;0;0;0
113.5;0.017117;0.0010177;-0.0015369;0.07458;0;0;0;0;0;0;0;0;0;0;0;0;0
114;0.017384;0.0010655;-0.0015817;0.07474;0;0;0;0;0;0;0;0;0;0;0;0;0
114.5;0.017607;0.0010724;-0.0015819;0.07494;0;0;0;0;0;0;0;0;0;0;0;0;0
115;0.017877;0.0011156;-0.0015725;0.07511;0;0;0;0;0;0;0;0;0;0;0;0;0
115.5;0.018084;0.0010631;-0.0016021;0.07529;0;0;0;0;0;0;0;0;0;0;0;0;0
116;0.018344;0.0010667;-0.0015686;0.0755;0;0;0;0;0;0;0;0;0;0;0;0;0
116.5;0.018561;0.0011263;-0.0015846;0.07566;0;0;0;0;0;0;0;0;0;0;0;0;0
117;0.01884;0.0011868;-0.0015935;0.07586;0;0;0;0;0;0;0;0;0;0;0;0;0
117.5;0.019134;0.0011438;-0.0016613;0.07605;0;0;0;0;0;0;0;0;0;0;0;0;0
118;0.019344;0.001193;-0.0016368;0.07622;0;0;0;0;0;0;0;0;0;0;0;0;0
118.5;0.01963;0.001197;-0.0015805;0.07639;0;0;0;0;0;0;0;0;0;0;0;0;0
119;0.019808;0.0012547;-0.0016187;0.07657;0;0;0;0;0;0;0;0;0;0;0;0;0
119.5;0.020094;0.001295;-0.0016655;0.07676;0;0;0;0;0;0;0;0;0;0;0;0;0
120;0.020298;0.0013133;-0.0016718;0.07691;0;0;0;0;0;0;0;0;0;0;0;0;0
120.5;0.020549;0.0013966;-0.0016718;0.07708;0;0;0;0;0;0;0;0;0;0;0;0;0
121;0.020791;0.0013032;-0.0016744;0.07726;0;0;0;0;0;0;0;0;0;0;0;0;0
121.5;0.021032;0.0013771;-0.0017032;0.07742;0;0;0;0;0;0;0;0;0;0;0;0;0
122;0.021285;0.0014284;-0.0017047;0.07759;0;0;0;0;0;0;0;0;0;0;0;0;0
122.5;0.021537;0.0014503;-0.0017329;0.07776;0;0;0;0;0;0;0;0;0;0;0;0;0
123;0.021779;0.0014664;-0.0017407;0.07792;0;0;0;0;0;0;0;0;0;0;0;0;0
123.5;0.022051;0.0014601;-0.0017138;0.07809;0;0;0;0;0;0;0;0;0;0;0;0;0
124;0.022365;0.0013978;-0.0017586;0.07826;0;0;0;0;0;0;0;0;0;0;0;0;0
124.5;0.022521;0.0014758;-0.0017682;0.07843;0;0;0;0;0;0;0;0;0;0;0;0;0
125;0.022768;0.0014738;-0.0017907;0.0786;0;0;0;0;0;0;0;0;0;0;0;0;0
125.5;0.023077;0.0015273;-0.0018316;0.07874;0;0;0;0;0;0;0;0;0;0;0;0;0
126;0.023366;0.0014764;-0.0018084;0.07891;0;0;0;0;0;0;0;0;0;0;0;0;0
126.5;0.023585;0.0014993;-0.001835;0.07907;0;0;0;0;0;0;0;0;0;0;0;0;0
127;0.023803;0.0015479;-0.001849;0.07921;0;0;0;0;0;0;0;0;0;0;0;0;0
127.5;0.024117;0.0015225;-0.0018666;0.07938;0;0;0;0;0;0;0;0;0;0;0;0;0
128;0.02433;0.0014967;-0.0018522;0.07954;0;0;0;0;0;0;0;0;0;0;0;0;0
128.5;0.024567;0.0015833;-0.001931;0.07968;0;0;0;0;0;0;0;0;0;0;0;0;0
129;0.024898;0.001584;-0.0019027;0.07981;0;0;0;0;0;0;0;0;0;0;0;0;0
129.5;0.025063;0.0016017;-0.0018993;0.07996;0;0;0;0;0;0;0;0;0;0;0;0;0
130;0.025359;0.0016051;-0.001956;0.08011;0;0;0;0;0;0;0;0;0;0;0;0;0
130.5;0.025576;0.0016277;-0.001949;0.08027;0;0;0;0;0;0;0;0;0;0;0;0;0
131;0.025892;0.0016392;-0.0020007;0.08043;0;0;0;0;0;0;0;0;0;0;0;0;0
131.5;0.026115;0.001608;-0.0019951;0.08058;0;0;0;0;0;0;0;0;0;0;0;0;0
132;0.02633;0.0017009;-0.0020062;0.08072;0;0;0;0;0;0;0;0;0;0;0;0;0
132.5;0.026584;0.0017496;-0.002032;0.08088;0;0;0;0;0;0;0;0;0;0;0;0;0
133;0.026895;0.0017268;-0.0020535;0.08103;0;0;0;0;0;0;0;0;0;0;0;0;0
133.5;0.027116;0.0018839;-0.0020493;0.08117;0;0;0;0;0;0;0;0;0;0;0;0;0
134;0.027349;0.0018705;-0.0020369;0.08131;0;0;0;0;0;0;0;0;0;0;0;0;0
134.5;0.02758;0.00189;-0.0020799;0.08144;0;0;0;0;0;0;0;0;0;0;0;0;0
135;0.027868;0.0019112;-0.0021225;0.08156;0;0;0;0;0;0;0;0;0;0;0;0;0
135.5;0.028172;0.0019863;-0.002083;0.0817;0;0;0;0;0;0;0;0;0;0;0;0;0
136;0.028445;0.0019191;-0.0020998;0.08183;0;0;0;0;0;0;0;0;0;0;0;0;0
136.5;0.028604;0.0019264;-0.0021987;0.08195;0;0;0;0;0;0;0;0;0;0;0;0;0
137;0.028921;0.0020162;-0.0021298;0.08209;0;0;0;0;0;0;0;0;0;0;0;0;0
137.5;0.02922;0.0019504;-0.0021758;0.08222;0;0;0;0;0;0;0;0;0;0;0;0;0
138;0.029497;0.0020101;-0.0021952;0.08234;0;0;0;0;0;0;0;0;0;0;0;0;0
138.5;0.029775;0.001983;-0.0022449;0.08248;0;0;0;0;0;0;0;0;0;0;0;0;0
139;0.029993;0.0020444;-0.0022244;0.08263;0;0;0;0;0;0;0;0;0;0;0;0;0
139.5;0.030269;0.0020596;-0.0022751;0.08276;0;0;0;0;0;0;0;0;0;0;0;0;0
140;0.030568;0.0021096;-0.0022624;0.08291;0;0;0;0;0;0;0;0;0;0;0;0;0
140.5;0.030788;0.0021833;-0.0022931;0.08302;0;0;0;0;0;0;0;0;0;0;0;0;0
141;0.031005;0.0022552;-0.0023168;0.08314;0;0;0;0;0;0;0;0;0;0;0;0;0
141.5;0.031272;0.0022575;-0.002328;0.08328;0;0;0;0;0;0;0;0;0;0;0;0;0
142;0.031577;0.0023111;-0.0022838;0.08341;0;0;0;0;0;0;0;0;0;0;0;0;0
142.5;0.031856;0.0023835;-0.0023505;0.08352;0;0;0;0;0;0;0;0;0;0;0;0;0
143;0.032138;0.0024147;-0.0023519;0.08366;0;0;0;0;0;0;0;0;0;0;0;0;0
143.5;0.032403;0.0023903;-0.0024317;0.08377;0;0;0;0;0;0;0;0;0;0;0;0;0
144;0.032665;0.0023885;-0.0023614;0.08388;0;0;0;0;0;0;0;0;0;0;0;0;0
144.5;0.032905;0.002469;-0.0024688;0.08401;0;0;0;0;0;0;0;0;0;0;0;0;0
145;0.033146;0.002377;-0.0024097;0.08414;0;0;0;0;0;0;0;0;0;0;0;0;0
145.5;0.033486;0.0024921;-0.0023905;0.08425;0;0;0;0;0;0;0;0;0;0;0;0;0
146;0.033727;0.0025758;-0.0024133;0.08437;0;0;0;0;0;0;0;0;0;0;0;0;0
146.5;0.034039;0.0025893;-0.0025071;0.08447;0;0;0;0;0;0;0;0;0;0;0;0;0
147;0.034297;0.0026112;-0.0024649;0.08458;0;0;0;0;0;0;0;0;0;0;0;0;0
147.5;0.03457;0.0025732;-0.0025189;0.08469;0;0;0;0;0;0;0;0;0;0;0;0;0
148;0.034814;0.0026261;-0.0025253;0.08481;0;0;0;0;0;0;0;0;0;0;0;0;0
148.5;0.035121;0.0025681;-0.0024714;0.08491;0;0;0;0;0;0;0;0;0;0;0;0;0
149;0.035364;0.002667;-0.0024881;0.08503;0;0;0;0;0;0;0;0;0;0;0;0;0
149.5;0.035676;0.0027383;-0.0025396;0.08515;0;0;0;0;0;0;0;0;0;0;0;0;0
150;0.035916;0.0027377;-0.0025704;0.08525;0;0;0;0;0;0;0;0;0;0;0;0;0
150.5;0.03617;0.00273;-0.0025405;0.08535;0;0;0;0;0;0;0;0;0;0;0;0;0
151;0.03644;0.0027092;-0.002521;0.08547;0;0;0;0;0;0;0;0;0;0;0;0;0
151.5;0.036721;0.0027957;-0.0025758;0.08557;0;0;0;0;0;0;0;0;0;0;0;0;0
152;0.036952;0.0028796;-0.0026;0.08569;0;0;0;0;0;0;0;0;0;0;0;0;0
152.5;0.037242;0.0028846;-0.002609;0.08578;0;0;0;0;0;0;0;0;0;0;0;0;0
153;0.037482;0.0029062;-0.0025864;0.08589;0;0;0;0;0;0;0;0;0;0;0;0;0
153.5;0.037774;0.0028567;-0.0025651;0.08599;0;0;0;0;0;0;0;0;0;0;0;0;0
154;0.037966;0.0028586;-0.0025944;0.08609;0;0;0;0;0;0;0;0;0;0;0;0;0
154.5;0.038291;0.0028272;-0.0025222;0.0862;0;0;0;0;0;0;0;0;0;0;0;0;0
155;0.038596;0.0029349;-0.002498;0.0863;0;0;0;0;0;0;0;0;0;0;0;0;0
155.5;0.038829;0.0029958;-0.0025805;0.08641;0;0;0;0;0;0;0;0;0;0;0;0;0
156;0.039156;0.0029552;-0.0025805;0.08651;0;0;0;0;0;0;0;0;0;0;0;0;0
156.5;0.039433;0.0029218;-0.0025319;0.08661;0;0;0;0;0;0;0;0;0;0;0;0;0
157;0.039609;0.0030253;-0.002563;0.08671;0;0;0;0;0;0;0;0;0;0;0;0;0
157.5;0.039894;0.0029575;-0.0026111;0.0868;0;0;0;0;0;0;0;0;0;0;0;0;0
158;0.040182;0.0029468;-0.0025315;0.08691;0;0;0;0;0;0;0;0;0;0;0;0;0
158.5;0.040435;0.0030296;-0.0025923;0.087;0;0;0;0;0;0;0;0;0;0;0;0;0
159;0.040787;0.002962;-0.0025694;0.08708;0;0;0;0;0;0;0;0;0;0;0;0;0
159.5;0.040991;0.0030058;-0.0025285;0.08717;0;0;0;0;0;0;0;0;0;0;0;0;0
160;0.041263;0.0029793;-0.0025758;0.08726;0;0;0;0;0;0;0;0;0;0;0;0;0
160.5;0.041558;0.0031102;-0.0025913;0.08734;0;0;0;0;0;0;0;0;0;0;0;0;0
161;0.041761;0.0030416;-0.0026331;0.08745;0;0;0;0;0;0;0;0;0;0;0;0;0
161.5;0.042051;0.0030433;-0.0025861;0.08754;0;0;0;0;0;0;0;0;0;0;0;0;0
162;0.042371;0.0029938;-0.0025746;0.08763;0;0;0;0;0;0;0;0;0;0;0;0;0
162.5;0.042638;0.0030239;-0.002578;0.08773;0;0;0;0;0;0;0;0;0;0;0;0;0
163;0.042851;0.0031126;-0.0025815;0.08782;0;0;0;0;0;0;0;0;0;0;0;0;0
163.5;0.043217;0.0030818;-0.0026721;0.08791;0;0;0;0;0;0;0;0;0;0;0;0;0
164;0.043457;0.0031869;-0.0026271;0.08802;0;0;0;0;0;0;0;0;0;0;0;0;0
164.5;0.043712;0.0031615;-0.0026334;0.0881;0;0;0;0;0;0;0;0;0;0;0;0;0
165;0.044018;0.0031447;-0.0026429;0.08818;0;0;0;0;0;0;0;0;0;0;0;0;0
165.5;0.044258;0.003193;-0.0026221;0.08827;0;0;0;0;0;0;0;0;0;0;0;0;0
166;0.044515;0.0032106;-0.0026467;0.08837;0;0;0;0;0;0;0;0;0;0;0;0;0
166.5;0.044884;0.003249;-0.0026809;0.08845;0;0;0;0;0;0;0;0;0;0;0;0;0
167;0.045034;0.0033048;-0.0026711;0.08854;0;0;0;0;0;0;0;0;0;0;0;0;0
167.5;0.045404;0.0032995;-0.0026801;0.08863;0;0;0;0;0;0;0;0;0;0;0;0;0
168;0.04568;0.0033051;-0.0026655;0.08871;0;0;0;0;0;0;0;0;0;0;0;0;0
168.5;0.045894;0.0033205;-0.0026894;0.0888;0;0;0;0;0;0;0;0;0;0;0;0;0
169;0.046204;0.0033962;-0.0027937;0.08889;0;0;0;0;0;0;0;0;0;0;0;0;0
169.5;0.046571;0.0034089;-0.0027384;0.08898;0;0;0;0;0;0;0;0;0;0;0;0;0
170;0.046796;0.0034091;-0.0028183;0.08907;0;0;0;0;0;0;0;0;0;0;0;0;0
170.5;0.047108;0.0034485;-0.0028121;0.08916;0;0;0;0;0;0;0;0;0;0;0;0;0
171;0.047367;0.003481;-0.0028929;0.08924;0;0;0;0;0;0;0;0;0;0;0;0;0
171.5;0.047664;0.0035383;-0.0028461;0.08932;0;0;0;0;0;0;0;0;0;0;0;0;0
172;0.047998;0.0035621;-0.0028997;0.08941;0;0;0;0;0;0;0;0;0;0;0;0;0
172.5;0.048211;0.0035613;-0.0028651;0.08949;0;0;0;0;0;0;0;0;0;0;0;0;0
173;0.048587;0.0035715;-0.0028326;0.08958;0;0;0;0;0;0;0;0;0;0;0;0;0
173.5;0.048758;0.0035808;-0.0027264;0.08964;0;0;0;0;0;0;0;0;0;0;0;0;0
174;0.04903;0.0036968;-0.0027313;0.08972;0;0;0;0;0;0;0;0;0;0;0;0;0
174.5;0.049336;0.0037279;-0.0027735;0.0898;0;0;0;0;0;0;0;0;0;0;0;0;0
175;0.049601;0.003645;-0.0027144;0.08987;0;0;0;0;0;0;0;0;0;0;0;0;0
175.5;0.04987;0.0038046;-0.0027056;0.08995;0;0;0;0;0;0;0;0;0;0;0;0;0
176;0.0502;0.0038193;-0.002691;0.09003;0;0;0;0;0;0;0;0;0;0;0;0;0
176.5;0.050453;0.0037662;-0.0027155;0.09008;0;0;0;0;0;0;0;0;0;0;0;0;0
177;0.050724;0.0037793;-0.0027043;0.09015;0;0;0;0;0;0;0;0;0;0;0;0;0
177.5;0.051021;0.0038393;-0.002732;0.09022;0;0;0;0;0;0;0;0;0;0;0;0;0
178;0.051332;0.0038878;-0.002723;0.0903;0;0;0;0;0;0;0;0;0;0;0;0;0
178.5;0.051596;0.0039406;-0.0027513;0.09037;0;0;0;0;0;0;0;0;0;0;0;0;0
179;0.05195;NaN;-0.0027741;0.09046;0;0;0;0;0;0;0;0;0;0;0;0;0
179.5;0.052168;NaN;-0.0027613;0.09053;0;0;0;0;0;0;0;0;0;0;0;0;0
180;0.052487;NaN;-0.0028177;0.09062;0;0;0;0;0;0;0;0;0;0;0;0;0
180.5;0.052856;NaN;-0.0027949;0.0907;0;0;0;0;0;0;0;0;0;0;0;0;0
181;0.053112;NaN;-0.0027629;0.09079;0;0;0;0;0;0;0;0;0;0;0;0;0
181.5;0.053303;NaN;-0.0028122;0.09087;0;0;0;0;0;0;0;0;0;0;0;0;0
182;0.053626;NaN;-0.0028332;0.09094;0;0;0;0;0;0;0;0;0;0;0;0;0
182.5;0.053949;NaN;-0.0028883;0.09101;0;0;0;0;0;0;0;0;0;0;0;0;0
183;0.054231;NaN;-0.0028887;0.09108;0;0;0;0;0;0;0;0;0;0;0;0;0
183.5;0.054494;NaN;-0.0029024;0.09115;0;0;0;0;0;0;0;0;0;0;0;0;0
184;0.054842;NaN;-0.002845;0.09122;0;0;0;0;0;0;0;0;0;0;0;0;0
184.5;0.055141;NaN;-0.0029595;0.0913;0;0;0;0;0;0;0;0;0;0;0;0;0
185;0.055424;NaN;-0.0029618;0.09137;0;0;0;0;0;0;0;0;0;0;0;0;0
185.5;0.055689;NaN;-0.0029501;0.09143;0;0;0;0;0;0;0;0;0;0;0;0;0
186;0.055986;NaN;-0.0030002;0.0915;0;0;0;0;0;0;0;0;0;0;0;0;0
186.5;0.056289;NaN;-0.00301;0.09157;0;0;0;0;0;0;0;0;0;0;0;0;0
187;0.056509;NaN;-0.0029992;0.09164;0;0;0;0;0;0;0;0;0;0;0;0;0
187.5;0.056861;NaN;-0.0031037;0.09171;0;0;0;0;0;0;0;0;0;0;0;0;0
188;0.057167;NaN;-0.0030606;0.09177;0;0;0;0;0;0;0;0;0;0;0;0;0
188.5;0.057452;NaN;-0.0031146;0.09184;0;0;0;0;0;0;0;0;0;0;0;0;0
189;0.05775;NaN;-0.003132;0.0919;0;0;0;0;0;0;0;0;0;0;0;0;0
189.5;0.057967;NaN;-0.0031412;0.09197;0;0;0;0;0;0;0;0;0;0;0;0;0
190;0.058336;NaN;-0.0031431;0.09205;0;0;0;0;0;0;0;0;0;0;0;0;0
190.5;0.058608;NaN;-0.0031483;0.09211;0;0;0;0;0;0;0;0;0;0;0;0;0
191;0.058911;NaN;-0.0031826;0.09218;0;0;0;0;0;0;0;0;0;0;0;0;0
191.5;0.059147;NaN;-0.0031656;0.09223;0;0;0;0;0;0;0;0;0;0;0;0;0
192;0.05943;NaN;-0.0031702;0.09231;0;0;0;0;0;0;0;0;0;0;0;0;0
192.5;0.059716;NaN;-0.0031635;0.09238;0;0;0;0;0;0;0;0;0;0;0;0;0
193;0.060019;NaN;-0.0032376;0.09244;0;0;0;0;0;0;0;0;0;0;0;0;0
193.5;0.06032;NaN;-0.003188;0.09251;0;0;0;0;0;0;0;0;0;0;0;0;0
194;0.060593;NaN;-0.0032259;0.09257;0;0;0;0;0;0;0;0;0;0;0;0;0
194.5;0.060897;NaN;-0.0032616;0.09263;0;0;0;0;0;0;0;0;0;0;0;0;0
195;0.061198;NaN;-0.0032407;0.09269;0;0;0;0;0;0;0;0;0;0;0;0;0
195.5;0.061425;NaN;-0.0032673;0.09274;0;0;0;0;0;0;0;0;0;0;0;0;0
196;0.06176;NaN;-0.0033283;0.0928;0;0;0;0;0;0;0;0;0;0;0;0;0
196.5;0.062064;NaN;-0.0033458;0.09286;0;0;0;0;0;0;0;0;0;0;0;0;0
197;0.062372;NaN;-0.0033504;0.09292;0;0;0;0;0;0;0;0;0;0;0;0;0
197.5;0.062645;NaN;-0.0033267;0.09297;0;0;0;0;0;0;0;0;0;0;0;0;0
198;0.062944;NaN;-0.0033987;0.09304;0;0;0;0;0;0;0;0;0;0;0;0;0
198.5;0.06323;NaN;-0.0033936;0.09311;0;0;0;0;0;0;0;0;0;0;0;0;0
199;0.063525;NaN;-0.0033845;0.09316;0;0;0;0;0;0;0;0;0;0;0;0;0
199.5;0.063753;NaN;-0.0033752;0.09323;0;0;0;0;0;0;0;0;0;0;0;0;0
200;0.064076;NaN;-0.0033731;0.09329;0;0;0;0;0;0;0;0;0;0;0;0;0
200.5;0.064333;NaN;-0.0034354;0.09335;0;0;0;0;0;0;0;0;0;0;0;0;0
201;0.064633;NaN;-0.003459;0.0934;0;0;0;0;0;0;0;0;0;0;0;0;0
201.5;0.06486;NaN;-0.0034907;0.09346;0;0;0;0;0;0;0;0;0;0;0;0;0
202;0.065236;NaN;-0.003409;0.09352;0;0;0;0;0;0;0;0;0;0;0;0;0
202.5;0.065472;NaN;-0.0034484;0.09359;0;0;0;0;0;0;0;0;0;0;0;0;0
203;0.065814;NaN;-0.0033978;0.09365;0;0;0;0;0;0;0;0;0;0;0;0;0
203.5;0.066169;NaN;-0.0034849;0.0937;0;0;0;0;0;0;0;0;0;0;0;0;0
204;0.066369;NaN;-0.0034479;0.09375;0;0;0;0;0;0;0;0;0;0;0;0;0
204.5;0.066676;NaN;-0.0034098;0.09379;0;0;0;0;0;0;0;0;0;0;0;0;0
205;0.066942;NaN;-0.0034681;0.09385;0;0;0;0;0;0;0;0;0;0;0;0;0
205.5;0.067306;NaN;-0.0035081;0.09391;0;0;0;0;0;0;0;0;0;0;0;0;0
206;0.067623;NaN;-0.0035355;0.09396;0;0;0;0;0;0;0;0;0;0;0;0;0
206.5;0.067881;NaN;-0.0034945;0.094;0;0;0;0;0;0;0;0;0;0;0;0;0
207;0.068139;NaN;-0.0035439;0.09405;0;0;0;0;0;0;0;0;0;0;0;0;0
207.5;0.068489;NaN;-0.0034982;0.09411;0;0;0;0;0;0;0;0;0;0;0;0;0
208;0.068769;NaN;-0.0035446;0.09417;0;0;0;0;0;0;0;0;0;0;0;0;0
208.5;0.06904;NaN;-0.0035332;0.09426;0;0;0;0;0;0;0;0;0;0;0;0;0
209;0.069342;NaN;-0.0035615;0.09433;0;0;0;0;0;0;0;0;0;0;0;0;0
209.5;0.06959;NaN;-0.0035858;0.09439;0;0;0;0;0;0;0;0;0;0;0;0;0
210;0.06997;NaN;-0.0035473;0.09445;0;0;0;0;0;0;0;0;0;0;0;0;0
210.5;0.070206;NaN;-0.0035773;0.0945;0;0;0;0;0;0;0;0;0;0;0;0;0
211;0.070634;NaN;-0.0035981;0.09456;0;0;0;0;0;0;0;0;0;0;0;0;0
211.5;0.070728;NaN;-0.003574;0.09462;0;0;0;0;0;0;0;0;0;0;0;0;0
212;0.071127;NaN;-0.0035422;0.09467;0;0;0;0;0;0;0;0;0;0;0;0;0
212.5;0.071348;NaN;-0.003597;0.09471;0;0;0;0;0;0;0;0;0;0;0;0;0
213;0.071592;NaN;-0.0035924;0.09475;0;0;0;0;0;0;0;0;0;0;0;0;0
213.5;0.071936;NaN;-0.0037031;0.0948;0;0;0;0;0;0;0;0;0;0;0;0;0
214;0.07229;NaN;-0.0035792;0.09485;0;0;0;0;0;0;0;0;0;0;0;0;0
214.5;0.072572;NaN;-0.0035329;0.09491;0;0;0;0;0;0;0;0;0;0;0;0;0
215;0.072913;NaN;-0.0036321;0.09496;0;0;0;0;0;0;0;0;0;0;0;0;0
215.5;0.073188;NaN;-0.0036228;0.095;0;0;0;0;0;0;0;0;0;0;0;0;0
216;0.073493;NaN;-0.0036433;0.09505;0;0;0;0;0;0;0;0;0;0;0;0;0
216.5;0.07381;NaN;-0.0036077;0.0951;0;0;0;0;0;0;0;0;0;0;0;0;0
217;0.074052;NaN;-0.0035981;0.09514;0;0;0;0;0;0;0;0;0;0;0;0;0
217.5;0.074388;NaN;-0.0036522;0.0952;0;0;0;0;0;0;0;0;0;0;0;0;0
218;0.074689;NaN;-0.0036495;0.09525;0;0;0;0;0;0;0;0;0;0;0;0;0
218.5;0.075016;NaN;-0.0036247;0.09529;0;0;0;0;0;0;0;0;0;0;0;0;0
219;0.075274;NaN;-0.0036841;0.09534;0;0;0;0;0;0;0;0;0;0;0;0;0
219.5;0.07557;NaN;-0.0037022;0.09539;0;0;0;0;0;0;0;0;0;0;0;0;0
220;0.075906;NaN;-0.0036719;0.09543;0;0;0;0;0;0;0;0;0;0;0;0;0
220.5;0.076151;NaN;-0.0036921;0.09549;0;0;0;0;0;0;0;0;0;0;0;0;0
221;0.076564;NaN;-0.0037327;0.09554;0;0;0;0;0;0;0;0;0;0;0;0;0
221.5;0.076713;NaN;-0.0037672;0.09558;0;0;0;0;0;0;0;0;0;0;0;0;0
222;0.077039;NaN;-0.0038625;0.09563;0;0;0;0;0;0;0;0;0;0;0;0;0
222.5;0.077324;NaN;-0.0038927;0.09568;0;0;0;0;0;0;0;0;0;0;0;0;0
223;0.0775;NaN;-0.0040015;0.09571;0;0;0;0;0;0;0;0;0;0;0;0;0
223.5;0.077857;NaN;-0.0039552;0.09576;0;0;0;0;0;0;0;0;0;0;0;0;0
224;0.078081;NaN;-0.0040226;0.0958;0;0;0;0;0;0;0;0;0;0;0;0;0
224.5;0.078488;NaN;-0.0040527;0.09583;0;0;0;0;0;0;0;0;0;0;0;0;0
225;0.078747;NaN;-0.004121;0.09587;0;0;0;0;0;0;0;0;0;0;0;0;0
225.5;0.07907;NaN;-0.0041323;0.0959;0;0;0;0;0;0;0;0;0;0;0;0;0
226;0.079426;NaN;-0.0041113;0.09594;0;0;0;0;0;0;0;0;0;0;0;0;0
226.5;0.079662;NaN;-0.0041052;0.09598;0;0;0;0;0;0;0;0;0;0;0;0;0
227;0.079971;NaN;-0.004135;0.09601;0;0;0;0;0;0;0;0;0;0;0;0;0
227.5;0.080245;NaN;-0.0041128;0.09605;0;0;0;0;0;0;0;0;0;0;0;0;0
228;0.080644;NaN;-0.0041308;0.09609;0;0;0;0;0;0;0;0;0;0;0;0;0
228.5;0.08082;NaN;-0.0041903;0.09613;0;0;0;0;0;0;0;0;0;0;0;0;0
229;0.081183;NaN;-0.0041604;0.09617;0;0;0;0;0;0;0;0;0;0;0;0;0
229.5;0.08169;NaN;-0.0041945;0.09622;0;0;0;0;0;0;0;0;0;0;0;0;0
230;0.081601;NaN;-0.0041644;0.09626;0;0;0;0;0;0;0;0;0;0;0;0;0
230.5;0.082021;NaN;-0.0042517;0.09629;0;0;0;0;0;0;0;0;0;0;0;0;0
231;0.082262;NaN;-0.0041804;0.09634;0;0;0;0;0;0;0;0;0;0;0;0;0
231.5;0.082609;NaN;-0.004168;0.09638;0;0;0;0;0;0;0;0;0;0;0;0;0
232;0.082977;NaN;-0.0042058;0.09641;0;0;0;0;0;0;0;0;0;0;0;0;0
232.5;0.083135;NaN;-0.0043031;0.09646;0;0;0;0;0;0;0;0;0;0;0;0;0
233;0.083609;NaN;-0.0042639;0.09649;0;0;0;0;0;0;0;0;0;0;0;0;0
233.5;0.083724;NaN;-0.004294;0.09653;0;0;0;0;0;0;0;0;0;0;0;0;0
234;0.084211;NaN;-0.0043294;0.09656;0;0;0;0;0;0;0;0;0;0;0;0;0
234.5;0.084518;NaN;-0.0043548;0.09659;0;0;0;0;0;0;0;0;0;0;0;0;0
235;0.08486;NaN;-0.0043642;0.09662;0;0;0;0;0;0;0;0;0;0;0;0;0
235.5;0.08505;NaN;-0.0043646;0.09666;0;0;0;0;0;0;0;0;0;0;0;0;0
236;0.085456;NaN;-0.004412;0.0967;0;0;0;0;0;0;0;0;0;0;0;0;0
236.5;0.085557;NaN;-0.0044203;0.09673;0;0;0;0;0;0;0;0;0;0;0;0;0
237;0.085929;NaN;-0.0043426;0.09676;0;0;0;0;0;0;0;0;0;0;0;0;0
237.5;0.086265;NaN;-0.0043963;0.09681;0;0;0;0;0;0;0;0;0;0;0;0;0
238;0.086548;NaN;-0.0044548;0.09686;0;0;0;0;0;0;0;0;0;0;0;0;0
238.5;0.0869;NaN;-0.0043856;0.0969;0;0;0;0;0;0;0;0;0;0;0;0;0
239;0.087126;NaN;-0.0044106;0.09695;0;0;0;0;0;0;0;0;0;0;0;0;0
239.5;0.08744;NaN;NaN;0.09698;0;0;0;0;0;0;0;0;0;0;0;0;0
240;0.087798;NaN;NaN;0.09702;0;0;0;0;0;0;0;0;0;0;0;0;0
240.5;0.088117;NaN;NaN;0.09705;0;0;0;0;0;0;0;0;0;0;0;0;0
241;0.088408;NaN;NaN;0.09709;0;0;0;0;0;0;0;0;0;0;0;0;0
241.5;0.088642;NaN;NaN;0.0971;0;0;0;0;0;0;0;0;0;0;0;0;0
242;0.089012;NaN;NaN;0.09712;0;0;0;0;0;0;0;0;0;0;0;0;0
242.5;0.089245;NaN;NaN;0.09715;0;0;0;0;0;0;0;0;0;0;0;0;0
243;0.0897;NaN;NaN;0.09717;0;0;0;0;0;0;0;0;0;0;0;0;0
243.5;0.089868;NaN;NaN;0.09718;0;0;0;0;0;0;0;0;0;0;0;0;0
244;0.090266;NaN;NaN;0.09721;0;0;0;0;0;0;0;0;0;0;0;0;0
244.5;0.090571;NaN;NaN;0.09724;0;0;0;0;0;0;0;0;0;0;0;0;0
245;0.090845;NaN;NaN;0.09727;0;0;0;0;0;0;0;0;0;0;0;0;0
245.5;0.091144;NaN;NaN;0.09729;0;0;0;0;0;0;0;0;0;0;0;0;0
246;0.091473;NaN;NaN;0.0973;0;0;0;0;0;0;0;0;0;0;0;0;0
246.5;0.09178;NaN;NaN;0.09732;0;0;0;0;0;0;0;0;0;0;0;0;0
247;0.091949;NaN;NaN;0.09735;0;0;0;0;0;0;0;0;0;0;0;0;0
247.5;0.092324;NaN;NaN;0.09738;0;0;0;0;0;0;0;0;0;0;0;0;0
248;0.092712;NaN;NaN;0.09741;0;0;0;0;0;0;0;0;0;0;0;0;0
248.5;0.093022;NaN;NaN;0.09743;0;0;0;0;0;0;0;0;0;0;0;0;0
249;0.093234;NaN;NaN;0.09746;0;0;0;0;0;0;0;0;0;0;0;0;0
249.5;0.093574;NaN;NaN;0.0975;0;0;0;0;0;0;0;0;0;0;0;0;0
250;0.093857;NaN;NaN;0.09754;0;0;0;0;0;0;0;0;0;0;0;0;0
250.5;0.094222;NaN;NaN;0.09758;0;0;0;0;0;0;0;0;0;0;0;0;0
251;0.094543;NaN;NaN;0.09761;0;0;0;0;0;0;0;0;0;0;0;0;0
251.5;0.094896;NaN;NaN;0.09763;0;0;0;0;0;0;0;0;0;0;0;0;0
252;0.095174;NaN;NaN;0.09766;0;0;0;0;0;0;0;0;0;0;0;0;0
252.5;0.095526;NaN;NaN;0.0977;0;0;0;0;0;0;0;0;0;0;0;0;0
253;0.095741;NaN;NaN;0.09772;0;0;0;0;0;0;0;0;0;0;0;0;0
253.5;0.096056;NaN;NaN;0.09774;0;0;0;0;0;0;0;0;0;0;0;0;0
254;0.096361;NaN;NaN;0.09777;0;0;0;0;0;0;0;0;0;0;0;0;0
254.5;0.096617;NaN;NaN;0.09781;0;0;0;0;0;0;0;0;0;0;0;0;0
255;0.096992;NaN;NaN;0.09783;0;0;0;0;0;0;0;0;0;0;0;0;0
255.5;0.097325;NaN;NaN;0.09786;0;0;0;0;0;0;0;0;0;0;0;0;0
256;0.097621;NaN;NaN;0.09789;0;0;0;0;0;0;0;0;0;0;0;0;0
256.5;0.097911;NaN;NaN;0.0979;0;0;0;0;0;0;0;0;0;0;0;0;0
257;0.098251;NaN;NaN;0.09793;0;0;0;0;0;0;0;0;0;0;0;0;0
257.5;0.098578;NaN;NaN;0.09795;0;0;0;0;0;0;0;0;0;0;0;0;0
258;0.098969;NaN;NaN;0.09798;0;0;0;0;0;0;0;0;0;0;0;0;0
258.5;0.099244;NaN;NaN;0.098;0;0;0;0;0;0;0;0;0;0;0;0;0
259;0.099493;NaN;NaN;0.09803;0;0;0;0;0;0;0;0;0;0;0;0;0
259.5;0.099788;NaN;NaN;0.09805;0;0;0;0;0;0;0;0;0;0;0;0;0
260;0.10012;NaN;NaN;0.09807;0;0;0;0;0;0;0;0;0;0;0;0;0
260.5;0.1004;NaN;NaN;0.0981;0;0;0;0;0;0;0;0;0;0;0;0;0
261;0.10077;NaN;NaN;0.09813;0;0;0;0;0;0;0;0;0;0;0;0;0
261.5;0.10106;NaN;NaN;0.09815;0;0;0;0;0;0;0;0;0;0;0;0;0
262;0.10135;NaN;NaN;0.09817;0;0;0;0;0;0;0;0;0;0;0;0;0
262.5;0.10169;NaN;NaN;0.09819;0;0;0;0;0;0;0;0;0;0;0;0;0
263;0.10197;NaN;NaN;0.09821;0;0;0;0;0;0;0;0;0;0;0;0;0
263.5;0.10227;NaN;NaN;0.09823;0;0;0;0;0;0;0;0;0;0;0;0;0
264;0.10263;NaN;NaN;0.09825;0;0;0;0;0;0;0;0;0;0;0;0;0
264.5;0.10297;NaN;NaN;0.09827;0;0;0;0;0;0;0;0;0;0;0;0;0
265;0.10316;NaN;NaN;0.09829;0;0;0;0;0;0;0;0;0;0;0;0;0
265.5;0.10341;NaN;NaN;0.09831;0;0;0;0;0;0;0;0;0;0;0;0;0
266;0.10382;NaN;NaN;0.09832;0;0;0;0;0;0;0;0;0;0;0;0;0
266.5;0.10406;NaN;NaN;0.09834;0;0;0;0;0;0;0;0;0;0;0;0;0
267;0.1044;NaN;NaN;0.09835;0;0;0;0;0;0;0;0;0;0;0;0;0
267.5;0.1047;NaN;NaN;0.09837;0;0;0;0;0;0;0;0;0;0;0;0;0
268;0.10514;NaN;NaN;0.09839;0;0;0;0;0;0;0;0;0;0;0;0;0
268.5;0.10541;NaN;NaN;0.09841;0;0;0;0;0;0;0;0;0;0;0;0;0
269;0.10567;NaN;NaN;0.09843;0;0;0;0;0;0;0;0;0;0;0;0;0
269.5;0.10599;NaN;NaN;0.09846;0;0;0;0;0;0;0;0;0;0;0;0;0
270;0.10633;NaN;NaN;0.09848;0;0;0;0;0;0;0;0;0;0;0;0;0
270.5;0.10669;NaN;NaN;0.0985;0;0;0;0;0;0;0;0;0;0;0;0;0
271;0.10697;NaN;NaN;0.09855;0;0;0;0;0;0;0;0;0;0;0;0;0
271.5;0.10731;NaN;NaN;0.09858;0;0;0;0;0;0;0;0;0;0;0;0;0
272;0.10757;NaN;NaN;0.09861;0;0;0;0;0;0;0;0;0;0;0;0;0
272.5;0.10786;NaN;NaN;0.09864;0;0;0;0;0;0;0;0;0;0;0;0;0
273;0.10822;NaN;NaN;0.09867;0;0;0;0;0;0;0;0;0;0;0;0;0
273.5;0.10856;NaN;NaN;0.0987;0;0;0;0;0;0;0;0;0;0;0;0;0
274;0.10886;NaN;NaN;0.09873;0;0;0;0;0;0;0;0;0;0;0;0;0
274.5;0.10915;NaN;NaN;0.09875;0;0;0;0;0;0;0;0;0;0;0;0;0
275;0.10947;NaN;NaN;0.09876;0;0;0;0;0;0;0;0;0;0;0;0;0
275.5;0.10976;NaN;NaN;0.09877;0;0;0;0;0;0;0;0;0;0;0;0;0
276;0.11009;NaN;NaN;0.09878;0;0;0;0;0;0;0;0;0;0;0;0;0
276.5;0.11042;NaN;NaN;0.09879;0;0;0;0;0;0;0;0;0;0;0;0;0
277;0.11071;NaN;NaN;0.09879;0;0;0;0;0;0;0;0;0;0;0;0;0
277.5;0.11106;NaN;NaN;0.0988;0;0;0;0;0;0;0;0;0;0;0;0;0
278;0.1114;NaN;NaN;0.09882;0;0;0;0;0;0;0;0;0;0;0;0;0
278.5;0.11171;NaN;NaN;0.09883;0;0;0;0;0;0;0;0;0;0;0;0;0
279;0.11197;NaN;NaN;0.09885;0;0;0;0;0;0;0;0;0;0;0;0;0
279.5;0.11229;NaN;NaN;0.09887;0;0;0;0;0;0;0;0;0;0;0;0;0
280;0.11265;NaN;NaN;0.09888;0;0;0;0;0;0;0;0;0;0;0;0;0
280.5;0.11291;NaN;NaN;0.0989;0;0;0;0;0;0;0;0;0;0;0;0;0
281;0.11322;NaN;NaN;0.09892;0;0;0;0;0;0;0;0;0;0;0;0;0
281.5;0.11355;NaN;NaN;0.09892;0;0;0;0;0;0;0;0;0;0;0;0;0
282;0.11391;NaN;NaN;0.09893;0;0;0;0;0;0;0;0;0;0;0;0;0
282.5;0.11416;NaN;NaN;0.09894;0;0;0;0;0;0;0;0;0;0;0;0;0
283;0.11452;NaN;NaN;0.09895;0;0;0;0;0;0;0;0;0;0;0;0;0
283.5;0.11478;NaN;NaN;0.09896;0;0;0;0;0;0;0;0;0;0;0;0;0
284;0.11511;NaN;NaN;0.09898;0;0;0;0;0;0;0;0;0;0;0;0;0
284.5;0.11545;NaN;NaN;0.09899;0;0;0;0;0;0;0;0;0;0;0;0;0
285;0.11579;NaN;NaN;0.099;0;0;0;0;0;0;0;0;0;0;0;0;0
285.5;0.11601;NaN;NaN;0.09902;0;0;0;0;0;0;0;0;0;0;0;0;0
286;0.11638;NaN;NaN;0.09903;0;0;0;0;0;0;0;0;0;0;0;0;0
286.5;0.11673;NaN;NaN;0.09904;0;0;0;0;0;0;0;0;0;0;0;0;0
287;0.117;NaN;NaN;0.09905;0;0;0;0;0;0;0;0;0;0;0;0;0
287.5;0.11731;NaN;NaN;0.09905;0;0;0;0;0;0;0;0;0;0;0;0;0
288;0.11762;NaN;NaN;0.09906;0;0;0;0;0;0;0;0;0;0;0;0;0
288.5;0.11793;NaN;NaN;0.09906;0;0;0;0;0;0;0;0;0;0;0;0;0
289;0.11833;NaN;NaN;0.09907;0;0;0;0;0;0;0;0;0;0;0;0;0
289.5;0.11859;NaN;NaN;0.09907;0;0;0;0;0;0;0;0;0;0;0;0;0
290;0.11888;NaN;NaN;0.09908;0;0;0;0;0;0;0;0;0;0;0;0;0
290.5;0.11921;NaN;NaN;0.09909;0;0;0;0;0;0;0;0;0;0;0;0;0
291;0.11949;NaN;NaN;0.0991;0;0;0;0;0;0;0;0;0;0;0;0;0
291.5;0.11989;NaN;NaN;0.09912;0;0;0;0;0;0;0;0;0;0;0;0;0
292;0.12017;NaN;NaN;0.09914;0;0;0;0;0;0;0;0;0;0;0;0;0
292.5;0.12048;NaN;NaN;0.09915;0;0;0;0;0;0;0;0;0;0;0;0;0
293;0.12071;NaN;NaN;0.09916;0;0;0;0;0;0;0;0;0;0;0;0;0
293.5;0.12104;NaN;NaN;0.09918;0;0;0;0;0;0;0;0;0;0;0;0;0
294;0.12141;NaN;NaN;0.09917;0;0;0;0;0;0;0;0;0;0;0;0;0
294.5;0.12176;NaN;NaN;0.09918;0;0;0;0;0;0;0;0;0;0;0;0;0
295;0.12203;NaN;NaN;0.09919;0;0;0;0;0;0;0;0;0;0;0;0;0
295.5;0.12233;NaN;NaN;0.09919;0;0;0;0;0;0;0;0;0;0;0;0;0
296;0.12262;NaN;NaN;0.09919;0;0;0;0;0;0;0;0;0;0;0;0;0
296.5;0.123;NaN;NaN;0.0992;0;0;0;0;0;0;0;0;0;0;0;0;0
297;0.12334;NaN;NaN;0.0992;0;0;0;0;0;0;0;0;0;0;0;0;0
297.5;0.12368;NaN;NaN;0.0992;0;0;0;0;0;0;0;0;0;0;0;0;0
298;0.12402;NaN;NaN;0.09921;0;0;0;0;0;0;0;0;0;0;0;0;0
298.5;0.12426;NaN;NaN;0.09921;0;0;0;0;0;0;0;0;0;0;0;0;0
299;0.1246;NaN;NaN;0.09922;0;0;0;0;0;0;0;0;0;0;0;0;0
299.5;0.12488;NaN;NaN;0.09922;0;0;0;0;0;0;0;0;0;0;0;0;0
300;0.12519;NaN;NaN;0.09924;0;0;0;0;0;0;0;0;0;0;0;0;0
300.5;0.12546;NaN;NaN;0.09924;0;0;0;0;0;0;0;0;0;0;0;0;0
301;0.12583;NaN;NaN;0.09925;0;0;0;0;0;0;0;0;0;0;0;0;0
301.5;0.12629;NaN;NaN;0.09926;0;0;0;0;0;0;0;0;0;0;0;0;0
302;0.12652;NaN;NaN;0.09926;0;0;0;0;0;0;0;0;0;0;0;0;0
302.5;0.12675;NaN;NaN;0.09927;0;0;0;0;0;0;0;0;0;0;0;0;0
303;0.12716;NaN;NaN;0.09927;0;0;0;0;0;0;0;0;0;0;0;0;0
303.5;0.12749;NaN;NaN;0.09927;0;0;0;0;0;0;0;0;0;0;0;0;0
304;0.12778;NaN;NaN;0.09926;0;0;0;0;0;0;0;0;0;0;0;0;0
304.5;0.12812;NaN;NaN;0.09926;0;0;0;0;0;0;0;0;0;0;0;0;0
305;0.1284;NaN;NaN;0.09926;0;0;0;0;0;0;0;0;0;0;0;0;0
305.5;0.12866;NaN;NaN;0.09925;0;0;0;0;0;0;0;0;0;0;0;0;0
306;0.129;NaN;NaN;0.09925;0;0;0;0;0;0;0;0;0;0;0;0;0
306.5;0.12936;NaN;NaN;0.09924;0;0;0;0;0;0;0;0;0;0;0;0;0
307;0.12969;NaN;NaN;0.09925;0;0;0;0;0;0;0;0;0;0;0;0;0
307.5;0.13002;NaN;NaN;0.09925;0;0;0;0;0;0;0;0;0;0;0;0;0
308;0.1303;NaN;NaN;0.09925;0;0;0;0;0;0;0;0;0;0;0;0;0
308.5;0.13063;NaN;NaN;0.09924;0;0;0;0;0;0;0;0;0;0;0;0;0
309;0.13098;NaN;NaN;0.09925;0;0;0;0;0;0;0;0;0;0;0;0;0
309.5;0.13129;NaN;NaN;0.09925;0;0;0;0;0;0;0;0;0;0;0;0;0
310;0.13166;NaN;NaN;0.09926;0;0;0;0;0;0;0;0;0;0;0;0;0
310.5;0.13196;NaN;NaN;0.09926;0;0;0;0;0;0;0;0;0;0;0;0;0
311;0.13222;NaN;NaN;0.09926;0;0;0;0;0;0;0;0;0;0;0;0;0
311.5;0.13257;NaN;NaN;0.09926;0;0;0;0;0;0;0;0;0;0;0;0;0
312;0.13282;NaN;NaN;0.09926;0;0;0;0;0;0;0;0;0;0;0;0;0
312.5;0.13323;NaN;NaN;0.09926;0;0;0;0;0;0;0;0;0;0;0;0;0
313;0.13356;NaN;NaN;0.09926;0;0;0;0;0;0;0;0;0;0;0;0;0
313.5;0.13386;NaN;NaN;0.09927;0;0;0;0;0;0;0;0;0;0;0;0;0
314;0.13414;NaN;NaN;0.09925;0;0;0;0;0;0;0;0;0;0;0;0;0
314.5;0.13449;NaN;NaN;0.09925;0;0;0;0;0;0;0;0;0;0;0;0;0
315;0.13481;NaN;NaN;0.09925;0;0;0;0;0;0;0;0;0;0;0;0;0
315.5;0.13521;NaN;NaN;0.09926;0;0;0;0;0;0;0;0;0;0;0;0;0
316;0.13552;NaN;NaN;0.09927;0;0;0;0;0;0;0;0;0;0;0;0;0
316.5;0.13587;NaN;NaN;0.09927;0;0;0;0;0;0;0;0;0;0;0;0;0
317;0.13614;NaN;NaN;0.09927;0;0;0;0;0;0;0;0;0;0;0;0;0
317.5;0.13643;NaN;NaN;0.09926;0;0;0;0;0;0;0;0;0;0;0;0;0
318;0.13681;NaN;NaN;0.09926;0;0;0;0;0;0;0;0;0;0;0;0;0
318.5;0.13713;NaN;NaN;0.09925;0;0;0;0;0;0;0;0;0;0;0;0;0
319;0.13745;NaN;NaN;0.09924;0;0;0;0;0;0;0;0;0;0;0;0;0
319.5;0.13774;NaN;NaN;0.09921;0;0;0;0;0;0;0;0;0;0;0;0;0
320;0.13803;NaN;NaN;0.09919;0;0;0;0;0;0;0;0;0;0;0;0;0
320.5;0.13838;NaN;NaN;0.09917;0;0;0;0;0;0;0;0;0;0;0;0;0
321;0.13865;NaN;NaN;0.09915;0;0;0;0;0;0;0;0;0;0;0;0;0
321.5;0.13901;NaN;NaN;0.09915;0;0;0;0;0;0;0;0;0;0;0;0;0
322;0.13934;NaN;NaN;0.09916;0;0;0;0;0;0;0;0;0;0;0;0;0
322.5;0.13965;NaN;NaN;0.09916;0;0;0;0;0;0;0;0;0;0;0;0;0
323;0.13998;NaN;NaN;0.09916;0;0;0;0;0;0;0;0;0;0;0;0;0
323.5;0.14033;NaN;NaN;0.09916;0;0;0;0;0;0;0;0;0;0;0;0;0
324;0.14061;NaN;NaN;0.09917;0;0;0;0;0;0;0;0;0;0;0;0;0
324.5;0.14099;NaN;NaN;0.09917;0;0;0;0;0;0;0;0;0;0;0;0;0
325;0.14134;NaN;NaN;0.09917;0;0;0;0;0;0;0;0;0;0;0;0;0
325.5;0.14163;NaN;NaN;0.09916;0;0;0;0;0;0;0;0;0;0;0;0;0
326;0.14188;NaN;NaN;0.09915;0;0;0;0;0;0;0;0;0;0;0;0;0
326.5;0.14225;NaN;NaN;0.09914;0;0;0;0;0;0;0;0;0;0;0;0;0
327;0.14257;NaN;NaN;0.09913;0;0;0;0;0;0;0;0;0;0;0;0;0
327.5;0.14296;NaN;NaN;0.09913;0;0;0;0;0;0;0;0;0;0;0;0;0
328;0.1433;NaN;NaN;0.09911;0;0;0;0;0;0;0;0;0;0;0;0;0
328.5;0.14363;NaN;NaN;0.09911;0;0;0;0;0;0;0;0;0;0;0;0;0
329;0.14387;NaN;NaN;0.0991;0;0;0;0;0;0;0;0;0;0;0;0;0
329.5;0.14425;NaN;NaN;0.09909;0;0;0;0;0;0;0;0;0;0;0;0;0
330;0.14449;NaN;NaN;0.09909;0;0;0;0;0;0;0;0;0;0;0;0;0
330.5;0.1449;NaN;NaN;0.09908;0;0;0;0;0;0;0;0;0;0;0;0;0
331;0.14519;NaN;NaN;0.09908;0;0;0;0;0;0;0;0;0;0;0;0;0
331.5;0.14548;NaN;NaN;0.09907;0;0;0;0;0;0;0;0;0;0;0;0;0
332;0.14582;NaN;NaN;0.09907;0;0;0;0;0;0;0;0;0;0;0;0;0
332.5;0.14614;NaN;NaN;0.09907;0;0;0;0;0;0;0;0;0;0;0;0;0
333;0.14644;NaN;NaN;0.09906;0;0;0;0;0;0;0;0;0;0;0;0;0
333.5;0.1468;NaN;NaN;0.09906;0;0;0;0;0;0;0;0;0;0;0;0;0
334;0.14707;NaN;NaN;0.09906;0;0;0;0;0;0;0;0;0;0;0;0;0
334.5;0.14746;NaN;NaN;0.09905;0;0;0;0;0;0;0;0;0;0;0;0;0
335;0.14784;NaN;NaN;0.09905;0;0;0;0;0;0;0;0;0;0;0;0;0
335.5;0.14813;NaN;NaN;0.09904;0;0;0;0;0;0;0;0;0;0;0;0;0
336;0.14844;NaN;NaN;0.09904;0;0;0;0;0;0;0;0;0;0;0;0;0
336.5;0.14879;NaN;NaN;0.09903;0;0;0;0;0;0;0;0;0;0;0;0;0
337;0.14908;NaN;NaN;0.09902;0;0;0;0;0;0;0;0;0;0;0;0;0
337.5;0.14944;NaN;NaN;0.09902;0;0;0;0;0;0;0;0;0;0;0;0;0
338;0.14969;NaN;NaN;0.09901;0;0;0;0;0;0;0;0;0;0;0;0;0
338.5;0.15009;NaN;NaN;0.09901;0;0;0;0;0;0;0;0;0;0;0;0;0
339;0.15036;NaN;NaN;0.099;0;0;0;0;0;0;0;0;0;0;0;0;0
339.5;0.15068;NaN;NaN;0.099;0;0;0;0;0;0;0;0;0;0;0;0;0
340;0.15103;NaN;NaN;0.09899;0;0;0;0;0;0;0;0;0;0;0;0;0
340.5;0.15136;NaN;NaN;0.09899;0;0;0;0;0;0;0;0;0;0;0;0;0
341;0.15178;NaN;NaN;0.09898;0;0;0;0;0;0;0;0;0;0;0;0;0
341.5;0.15202;NaN;NaN;0.09898;0;0;0;0;0;0;0;0;0;0;0;0;0
342;0.15237;NaN;NaN;0.09897;0;0;0;0;0;0;0;0;0;0;0;0;0
342.5;0.15275;NaN;NaN;0.09897;0;0;0;0;0;0;0;0;0;0;0;0;0
343;0.15304;NaN;NaN;0.09897;0;0;0;0;0;0;0;0;0;0;0;0;0
343.5;0.1534;NaN;NaN;0.09897;0;0;0;0;0;0;0;0;0;0;0;0;0
344;0.15368;NaN;NaN;0.09896;0;0;0;0;0;0;0;0;0;0;0;0;0
344.5;0.15379;NaN;NaN;0.09896;0;0;0;0;0;0;0;0;0;0;0;0;0
345;0.15437;NaN;NaN;0.09895;0;0;0;0;0;0;0;0;0;0;0;0;0
345.5;0.15466;NaN;NaN;0.09895;0;0;0;0;0;0;0;0;0;0;0;0;0
346;0.15505;NaN;NaN;0.09894;0;0;0;0;0;0;0;0;0;0;0;0;0
346.5;0.15533;NaN;NaN;0.09893;0;0;0;0;0;0;0;0;0;0;0;0;0
347;0.15567;NaN;NaN;0.09893;0;0;0;0;0;0;0;0;0;0;0;0;0
347.5;0.15599;NaN;NaN;0.09892;0;0;0;0;0;0;0;0;0;0;0;0;0
348;0.15642;NaN;NaN;0.09891;0;0;0;0;0;0;0;0;0;0;0;0;0
348.5;0.15657;NaN;NaN;0.0989;0;0;0;0;0;0;0;0;0;0;0;0;0
349;0.1569;NaN;NaN;0.09889;0;0;0;0;0;0;0;0;0;0;0;0;0
349.5;0.15736;NaN;NaN;0.09888;0;0;0;0;0;0;0;0;0;0;0;0;0
350;0.15762;NaN;NaN;0.09888;0;0;0;0;0;0;0;0;0;0;0;0;0
350.5;0.15772;NaN;NaN;0.09887;0;0;0;0;0;0;0;0;0;0;0;0;0
351;0.15822;NaN;NaN;0.09886;0;0;0;0;0;0;0;0;0;0;0;0;0
351.5;0.15864;NaN;NaN;0.09886;0;0;0;0;0;0;0;0;0;0;0;0;0
352;0.15899;NaN;NaN;0.09885;0;0;0;0;0;0;0;0;0;0;0;0;0
352.5;0.15934;NaN;NaN;0.09885;0;0;0;0;0;0;0;0;0;0;0;0;0
353;0.15968;NaN;NaN;0.09884;0;0;0;0;0;0;0;0;0;0;0;0;0
353.5;0.15998;NaN;NaN;0.09884;0;0;0;0;0;0;0;0;0;0;0;0;0
354;0.16026;NaN;NaN;0.09883;0;0;0;0;0;0;0;0;0;0;0;0;0
354.5;0.16064;NaN;NaN;0.09882;0;0;0;0;0;0;0;0;0;0;0;0;0
355;0.16092;NaN;NaN;0.09882;0;0;0;0;0;0;0;0;0;0;0;0;0
355.5;0.16138;NaN;NaN;0.09881;0;0;0;0;0;0;0;0;0;0;0;0;0
356;0.16166;NaN;NaN;0.0988;0;0;0;0;0;0;0;0;0;0;0;0;0
356.5;0.16196;NaN;NaN;0.0988;0;0;0;0;0;0;0;0;0;0;0;0;0
357;0.16235;NaN;NaN;0.09879;0;0;0;0;0;0;0;0;0;0;0;0;0
357.5;0.16266;NaN;NaN;0.09878;0;0;0;0;0;0;0;0;0;0;0;0;0
358;0.16296;NaN;NaN;0.09878;0;0;0;0;0;0;0;0;0;0;0;0;0
358.5;0.16328;NaN;NaN;0.09877;0;0;0;0;0;0;0;0;0;0;0;0;0
359;0.1636;NaN;NaN;0.09877;0;0;0;0;0;0;0;0;0;0;0;0;0
359.5;0.16399;NaN;NaN;0.09876;0;0;0;0;0;0;0;0;0;0;0;0;0
360;0.16433;NaN;NaN;0.09875;0;0;0;0;0;0;0;0;0;0;0;0;0
360.5;0.16461;NaN;NaN;0.09875;0;0;0;0;0;0;0;0;0;0;0;0;0
361;0.16501;NaN;NaN;0.09874;0;0;0;0;0;0;0;0;0;0;0;0;0
361.5;0.16532;NaN;NaN;0.09873;0;0;0;0;0;0;0;0;0;0;0;0;0
362;0.16565;NaN;NaN;0.09872;0;0;0;0;0;0;0;0;0;0;0;0;0
362.5;0.166;NaN;NaN;0.09871;0;0;0;0;0;0;0;0;0;0;0;0;0
363;0.16622;NaN;NaN;0.0987;0;0;0;0;0;0;0;0;0;0;0;0;0
363.5;0.16668;NaN;NaN;0.0987;0;0;0;0;0;0;0;0;0;0;0;0;0
364;0.16707;NaN;NaN;0.09869;0;0;0;0;0;0;0;0;0;0;0;0;0
364.5;0.16729;NaN;NaN;0.09869;0;0;0;0;0;0;0;0;0;0;0;0;0
365;0.16763;NaN;NaN;0.09867;0;0;0;0;0;0;0;0;0;0;0;0;0
365.5;0.16804;NaN;NaN;0.09865;0;0;0;0;0;0;0;0;0;0;0;0;0
366;0.16831;NaN;NaN;0.09864;0;0;0;0;0;0;0;0;0;0;0;0;0
366.5;0.1687;NaN;NaN;0.09864;0;0;0;0;0;0;0;0;0;0;0;0;0
367;0.16898;NaN;NaN;0.09862;0;0;0;0;0;0;0;0;0;0;0;0;0
367.5;0.16934;NaN;NaN;0.09861;0;0;0;0;0;0;0;0;0;0;0;0;0
368;0.1697;NaN;NaN;0.0986;0;0;0;0;0;0;0;0;0;0;0;0;0
368.5;0.17003;NaN;NaN;0.09859;0;0;0;0;0;0;0;0;0;0;0;0;0
369;0.17031;NaN;NaN;0.09859;0;0;0;0;0;0;0;0;0;0;0;0;0
369.5;0.17062;NaN;NaN;0.09858;0;0;0;0;0;0;0;0;0;0;0;0;0
370;0.17104;NaN;NaN;0.09858;0;0;0;0;0;0;0;0;0;0;0;0;0
370.5;0.17136;NaN;NaN;0.09856;0;0;0;0;0;0;0;0;0;0;0;0;0
371;0.17171;NaN;NaN;0.09855;0;0;0;0;0;0;0;0;0;0;0;0;0
371.5;0.17199;NaN;NaN;0.09854;0;0;0;0;0;0;0;0;0;0;0;0;0
372;0.1724;NaN;NaN;0.09853;0;0;0;0;0;0;0;0;0;0;0;0;0
372.5;0.17274;NaN;NaN;0.09852;0;0;0;0;0;0;0;0;0;0;0;0;0
373;0.17308;NaN;NaN;0.09851;0;0;0;0;0;0;0;0;0;0;0;0;0
373.5;0.17338;NaN;NaN;0.0985;0;0;0;0;0;0;0;0;0;0;0;0;0
374;0.17373;NaN;NaN;0.09849;0;0;0;0;0;0;0;0;0;0;0;0;0
374.5;0.17402;NaN;NaN;0.09848;0;0;0;0;0;0;0;0;0;0;0;0;0
375;0.17442;NaN;NaN;0.09847;0;0;0;0;0;0;0;0;0;0;0;0;0
375.5;0.17474;NaN;NaN;0.09847;0;0;0;0;0;0;0;0;0;0;0;0;0
376;0.17504;NaN;NaN;0.09847;0;0;0;0;0;0;0;0;0;0;0;0;0
376.5;0.17536;NaN;NaN;0.09845;0;0;0;0;0;0;0;0;0;0;0;0;0
377;0.17575;NaN;NaN;0.09844;0;0;0;0;0;0;0;0;0;0;0;0;0
377.5;0.17611;NaN;NaN;0.09842;0;0;0;0;0;0;0;0;0;0;0;0;0
378;0.17646;NaN;NaN;0.09841;0;0;0;0;0;0;0;0;0;0;0;0;0
378.5;0.17681;NaN;NaN;0.0984;0;0;0;0;0;0;0;0;0;0;0;0;0
379;0.17716;NaN;NaN;0.09839;0;0;0;0;0;0;0;0;0;0;0;0;0
379.5;0.17749;NaN;NaN;0.09837;0;0;0;0;0;0;0;0;0;0;0;0;0
380;0.17781;NaN;NaN;0.09835;0;0;0;0;0;0;0;0;0;0;0;0;0
380.5;0.17815;NaN;NaN;0.09834;0;0;0;0;0;0;0;0;0;0;0;0;0
381;0.17858;NaN;NaN;0.09833;0;0;0;0;0;0;0;0;0;0;0;0;0
381.5;0.17892;NaN;NaN;0.09832;0;0;0;0;0;0;0;0;0;0;0;0;0
382;0.1792;NaN;NaN;0.09829;0;0;0;0;0;0;0;0;0;0;0;0;0
382.5;0.17957;NaN;NaN;0.09827;0;0;0;0;0;0;0;0;0;0;0;0;0
383;0.17994;NaN;NaN;0.09825;0;0;0;0;0;0;0;0;0;0;0;0;0
383.5;0.18024;NaN;NaN;0.09823;0;0;0;0;0;0;0;0;0;0;0;0;0
384;0.18055;NaN;NaN;0.09822;0;0;0;0;0;0;0;0;0;0;0;0;0
384.5;0.18095;NaN;NaN;0.0982;0;0;0;0;0;0;0;0;0;0;0;0;0
385;0.18135;NaN;NaN;0.09817;0;0;0;0;0;0;0;0;0;0;0;0;0
385.5;0.18165;NaN;NaN;0.09815;0;0;0;0;0;0;0;0;0;0;0;0;0
386;0.18199;NaN;NaN;0.09814;0;0;0;0;0;0;0;0;0;0;0;0;0
386.5;0.18237;NaN;NaN;0.09812;0;0;0;0;0;0;0;0;0;0;0;0;0
387;0.18273;NaN;NaN;0.0981;0;0;0;0;0;0;0;0;0;0;0;0;0
387.5;0.18296;NaN;NaN;0.09808;0;0;0;0;0;0;0;0;0;0;0;0;0
388;0.18337;NaN;NaN;0.09806;0;0;0;0;0;0;0;0;0;0;0;0;0
388.5;0.18372;NaN;NaN;0.09803;0;0;0;0;0;0;0;0;0;0;0;0;0
389;0.18405;NaN;NaN;0.09801;0;0;0;0;0;0;0;0;0;0;0;0;0
389.5;0.18434;NaN;NaN;0.09798;0;0;0;0;0;0;0;0;0;0;0;0;0
390;0.18478;NaN;NaN;0.09795;0;0;0;0;0;0;0;0;0;0;0;0;0
390.5;0.18514;NaN;NaN;0.09793;0;0;0;0;0;0;0;0;0;0;0;0;0
391;0.18551;NaN;NaN;0.0979;0;0;0;0;0;0;0;0;0;0;0;0;0
391.5;0.18579;NaN;NaN;0.09787;0;0;0;0;0;0;0;0;0;0;0;0;0
392;0.18619;NaN;NaN;0.09784;0;0;0;0;0;0;0;0;0;0;0;0;0
392.5;0.18654;NaN;NaN;0.09781;0;0;0;0;0;0;0;0;0;0;0;0;0
393;0.18693;NaN;NaN;0.09777;0;0;0;0;0;0;0;0;0;0;0;0;0
393.5;0.18723;NaN;NaN;0.09775;0;0;0;0;0;0;0;0;0;0;0;0;0
394;0.18762;NaN;NaN;0.09771;0;0;0;0;0;0;0;0;0;0;0;0;0
394.5;0.18794;NaN;NaN;0.09768;0;0;0;0;0;0;0;0;0;0;0;0;0
395;0.18826;NaN;NaN;0.09764;0;0;0;0;0;0;0;0;0;0;0;0;0
395.5;0.18863;NaN;NaN;0.09761;0;0;0;0;0;0;0;0;0;0;0;0;0
396;0.18904;NaN;NaN;0.09757;0;0;0;0;0;0;0;0;0;0;0;0;0
396.5;0.18948;NaN;NaN;0.09753;0;0;0;0;0;0;0;0;0;0;0;0;0
397;0.18984;NaN;NaN;0.0975;0;0;0;0;0;0;0;0;0;0;0;0;0
397.5;0.1902;NaN;NaN;0.09745;0;0;0;0;0;0;0;0;0;0;0;0;0
398;0.19055;NaN;NaN;0.09741;0;0;0;0;0;0;0;0;0;0;0;0;0
398.5;0.19097;NaN;NaN;0.09736;0;0;0;0;0;0;0;0;0;0;0;0;0
399;0.19133;NaN;NaN;0.09733;0;0;0;0;0;0;0;0;0;0;0;0;0
399.5;0.19169;NaN;NaN;0.09728;0;0;0;0;0;0;0;0;0;0;0;0;0
400;0.19209;NaN;NaN;0.09722;0;0;0;0;0;0;0;0;0;0;0;0;0
400.5;0.19238;NaN;NaN;0.09716;0;0;0;0;0;0;0;0;0;0;0;0;0
401;0.19281;NaN;NaN;0.09711;0;0;0;0;0;0;0;0;0;0;0;0;0
401.5;0.19311;NaN;NaN;0.09705;0;0;0;0;0;0;0;0;0;0;0;0;0
402;0.19377;NaN;NaN;0.09699;0;0;0;0;0;0;0;0;0;0;0;0;0
402.5;0.19381;NaN;NaN;0.09694;0;0;0;0;0;0;0;0;0;0;0;0;0
403;0.19429;NaN;NaN;0.09688;0;0;0;0;0;0;0;0;0;0;0;0;0
403.5;0.19466;NaN;NaN;0.09681;0;0;0;0;0;0;0;0;0;0;0;0;0
404;0.19498;NaN;NaN;0.09674;0;0;0;0;0;0;0;0;0;0;0;0;0
404.5;0.19537;NaN;NaN;0.09668;0;0;0;0;0;0;0;0;0;0;0;0;0
405;0.19582;NaN;NaN;0.09662;0;0;0;0;0;0;0;0;0;0;0;0;0
405.5;0.1962;NaN;NaN;0.09655;0;0;0;0;0;0;0;0;0;0;0;0;0
406;0.19664;NaN;NaN;0.09648;0;0;0;0;0;0;0;0;0;0;0;0;0
406.5;0.19693;NaN;NaN;0.09639;0;0;0;0;0;0;0;0;0;0;0;0;0
407;0.19744;NaN;NaN;0.09631;0;0;0;0;0;0;0;0;0;0;0;0;0
407.5;0.19776;NaN;NaN;0.09623;0;0;0;0;0;0;0;0;0;0;0;0;0
408;0.19821;NaN;NaN;0.09614;0;0;0;0;0;0;0;0;0;0;0;0;0
408.5;0.19862;NaN;NaN;0.09606;0;0;0;0;0;0;0;0;0;0;0;0;0
409;0.19905;NaN;NaN;0.09595;0;0;0;0;0;0;0;0;0;0;0;0;0
409.5;0.19939;NaN;NaN;0.09584;0;0;0;0;0;0;0;0;0;0;0;0;0
410;0.19979;NaN;NaN;0.09574;0;0;0;0;0;0;0;0;0;0;0;0;0
410.5;0.20022;NaN;NaN;0.09564;0;0;0;0;0;0;0;0;0;0;0;0;0
411;0.20065;NaN;NaN;0.09553;0;0;0;0;0;0;0;0;0;0;0;0;0
411.5;0.20111;NaN;NaN;0.09542;0;0;0;0;0;0;0;0;0;0;0;0;0
412;0.20157;NaN;NaN;0.0953;0;0;0;0;0;0;0;0;0;0;0;0;0
412.5;0.20201;NaN;NaN;0.09515;0;0;0;0;0;0;0;0;0;0;0;0;0
413;0.20244;NaN;NaN;0.09504;0;0;0;0;0;0;0;0;0;0;0;0;0
413.5;0.20289;NaN;NaN;0.09489;0;0;0;0;0;0;0;0;0;0;0;0;0
414;0.2033;NaN;NaN;0.09473;0;0;0;0;0;0;0;0;0;0;0;0;0
414.5;0.20375;NaN;NaN;0.09459;0;0;0;0;0;0;0;0;0;0;0;0;0
415;0.20422;NaN;NaN;0.09444;0;0;0;0;0;0;0;0;0;0;0;0;0
415.5;0.20462;NaN;NaN;0.09427;0;0;0;0;0;0;0;0;0;0;0;0;0
416;0.20509;NaN;NaN;0.09412;0;0;0;0;0;0;0;0;0;0;0;0;0
416.5;0.20559;NaN;NaN;0.09395;0;0;0;0;0;0;0;0;0;0;0;0;0
417;0.20604;NaN;NaN;0.09377;0;0;0;0;0;0;0;0;0;0;0;0;0
417.5;0.20655;NaN;NaN;0.09358;0;0;0;0;0;0;0;0;0;0;0;0;0
418;0.20704;NaN;NaN;0.09339;0;0;0;0;0;0;0;0;0;0;0;0;0
418.5;0.2075;NaN;NaN;0.09318;0;0;0;0;0;0;0;0;0;0;0;0;0
419;0.20801;NaN;NaN;0.09295;0;0;0;0;0;0;0;0;0;0;0;0;0
419.5;0.20852;NaN;NaN;0.09274;0;0;0;0;0;0;0;0;0;0;0;0;0
420;0.20906;NaN;NaN;0.09249;0;0;0;0;0;0;0;0;0;0;0;0;0
420.5;0.20961;NaN;NaN;0.09227;0;0;0;0;0;0;0;0;0;0;0;0;0
421;0.21015;NaN;NaN;0.09199;0;0;0;0;0;0;0;0;0;0;0;0;0
421.5;0.21067;NaN;NaN;0.09169;0;0;0;0;0;0;0;0;0;0;0;0;0
422;0.21122;NaN;NaN;0.0914;0;0;0;0;0;0;0;0;0;0;0;0;0
422.5;0.21179;NaN;NaN;0.09106;0;0;0;0;0;0;0;0;0;0;0;0;0
423;0.21249;NaN;NaN;0.09068;0;0;0;0;0;0;0;0;0;0;0;0;0
423.5;0.21318;NaN;NaN;0.09024;0;0;0;0;0;0;0;0;0;0;0;0;0
424;0.21424;NaN;NaN;0.08979;0;0;0;0;0;0;0;0;0;0;0;0;0
